-5.358461569786169015e-17
3.380891842744483242e-17
2.322738549507888566e-17
1.422575307055032743e-16
-9.030921820086670071e-17
7.550193931125721873e-17
1.211564569163925449e-17
-9.280748485417450856e-17
-2.111084935473767061e-18
-5.631110350798930265e-17
3.330326270766671927e-17
5.489656888918305954e-17
9.650604693626657272e-17
3.829872693068360436e-17
9.825458551307467117e-19
3.671528645756921674e-17
1.445871655540053202e-16
2.984809169586056512e-17
1.675222916888320488e-11
6.373944236201819746e-19
1.644887930410295599e-17
-1.229694255281675795e-17
6.957278307070418920e-18
-6.434871167400946842e-17
-1.583594840377350113e-17
-6.147423801895936187e-17
6.982402829014996132e-17
1.372223306826111910e-16
3.860333742687147658e-17
-1.950858529076511087e-17
-7.132235537933112564e-17
-1.675259530717243001e-17
8.396959500751625258e-17
-9.355815215824896184e-17
2.327462542917665654e-17
3.730114767661671236e-18
-4.381648482060931450e-17
-4.800089302701965740e-18
3.661059616711397391e-17
8.334484065882993559e-17
3.913086941287330878e-17
8.126215144275601283e-17
1.369150616185773252e-14
-6.343525443431197926e-17
-1.268986863991645867e-11
2.360011479762596349e-10
-4.872883043037738332e-17
3.293208250398083314e-17
4.107507875914101694e-17
-2.942157815419251730e-17
3.400945327824405466e-19
8.853577976235409976e-18
-1.037985391387366245e-16
2.552175974669966949e-17
4.224421430694159495e-17
7.255052008975054973e-17
-5.486895278593149629e-11
-3.566922856875584117e-17
1.101560176677375911e-16
8.533429250830790282e-18
-9.737657494130701518e-17
6.592117333596235287e-17
-3.124680670283458136e-17
1.196688283267946812e-16
2.403914298623014558e-17
-2.585399311004325827e-17
-1.846809802193485890e-17
6.519023438072302559e-18
3.752807400411876319e-17
4.661064458547919709e-17
4.226783008629669747e-11
-1.335816534892026632e-10
-3.547935759307321548e-18
-1.231476307251023783e-16
-3.844002596856175284e-17
-1.031117931603873494e-17
5.233476852580056236e-17
-6.620461271279323606e-17
-2.317448633089312099e-17
-2.923572562380269480e-17
-4.122262729924685828e-17
4.011734849631843866e-17
-1.945380847255698371e-17
5.917742388558352314e-17
-6.205458094894752239e-14
1.115705083172726812e-16
-6.420536211834825228e-17
-3.433451048797967691e-17
-2.520667919369735611e-17
-5.668381712286260512e-17
6.029990268029552213e-17
2.508149227835191024e-17
-2.304407889756193557e-17
1.309988385701718230e-14
2.345606087477294237e-14
-1.354858732632620852e-17
-6.870322474820291343e-14
1.677784255889107222e-17
8.812314728972381612e-17
1.187286551776452518e-14
