5.154343403460669518e+07
8.083927557989981771e+07
2.582768538104342669e+07
1.686282935854617506e+07
8.779431813559624553e+07
8.259773030357110500e+07
8.020724579313442111e+07
9.122555805297440290e+07
2.572323134862947464e+07
8.170321084954658151e+07
6.683030388003540039e+07
3.138643934473506361e+07
8.427937367202663422e+07
8.206358487279286981e+07
9.113658456376080215e+07
8.003266994214305282e+07
7.848666321088303626e+07
4.264153654027891904e+07
9.845336678812094033e+07
2.524854982161377743e+07
3.083300616856114939e+07
8.535960161154389381e+07
6.427198968539819866e+07
2.959314329142442718e+07
6.092947238527105004e+07
2.213255863946023211e+07
8.083927557989981771e+07
8.669283946765740216e+07
7.238051536522567272e+07
3.089092452650053054e+07
8.083927557989981771e+07
2.574472481834414974e+07
7.497536953447185457e+07
8.829740172831191123e+07
8.862412305790862441e+07
8.964679624346865714e+07
2.393578835766946897e+07
8.083927557989981771e+07
8.819297148920911551e+07
2.153806649665321037e+07
8.209224704446582496e+07
7.215670362044666708e+07
5.533348254054103047e+07
2.994334602249615267e+07
-1.598905264948351867e+07
3.658443148422815800e+08
3.273368786943372339e+07
8.341385555881127715e+07
7.869178401114763319e+07
2.728838617226258293e+07
1.712866079091040790e+07
1.180070499484190345e+08
8.966775488644243777e+07
7.983867324689154327e+07
-2.460712855793226883e+07
8.127399176269684732e+07
9.803959930269490182e+07
8.255063562341354787e+07
3.266128788240541890e+07
3.287249969223096594e+07
8.083927557989981771e+07
3.679725499700702727e+07
2.744115747922155634e+07
4.012637303612913191e+07
1.738834932785673440e+07
8.042514308288401365e+07
8.172499611563290656e+07
7.181332155555018783e+07
5.944123089887288958e+07
2.461922125192895532e+07
1.205563272163765132e+08
3.062746199833374023e+08
2.942888364313476905e+07
2.594011418215868250e+07
8.901441279165312648e+07
2.994141819065009430e+07
1.787050402753234655e+07
3.094137797245978564e+07
8.238914778985065222e+07
7.841890905912174284e+07
3.281493350823131204e+07
2.823569661274430156e+07
8.334483981822402775e+07
3.083765370064689964e+07
4.513581767532999814e+07
3.599906689627018571e+07
7.458851997791521251e+07
2.178719578093653172e+07
2.145312881187340245e+07
1.548792965117834508e+07
6.635064642359387130e+07
2.990348949395304173e+07
7.618222995490847528e+07
5.672653568331338465e+07
5.526412280941995978e+07
7.343105580209721625e+07
6.073948636965822428e+07
8.802610980221273005e+07
8.717267425850297511e+07
9.266823746522037685e+07
