8.405469252741084993e+07
6.394741002538136393e+07
2.601534453091965616e+07
3.771180297250491381e+07
5.845744455202183872e+07
5.364840965454437584e+07
6.587265838446539640e+07
7.108569925652179122e+07
7.085800698442748189e+07
3.871688665493065119e+07
8.392361232256828249e+07
5.318322832815191150e+07
6.556936245238257945e+07
5.854288073574914038e+07
6.538063378087671846e+07
6.539593384821701050e+07
7.027320410446044803e+07
3.226972335936012119e+07
7.127397923078244925e+07
6.785047910977680981e+07
4.902342531340432912e+07
4.799101697889526933e+07
6.832945579780885577e+07
6.695201978894812614e+07
8.747448714633274078e+07
1.025871268781664819e+08
6.442205770693387091e+07
6.297433934484823048e+07
6.174748640261892229e+07
6.108744186876756698e+07
6.803905838275541365e+07
2.472726278064663708e+07
6.364557222597047687e+07
6.247467529553999752e+07
7.716690740891787410e+07
6.483551807426413894e+07
3.114759847155986726e+07
6.214959689852020890e+07
5.630599401050242037e+07
6.817528994577616453e+07
5.709986799141417444e+07
7.445655647530639172e+07
6.444792567818690836e+07
6.353448960218412429e+07
5.192723063852810860e+07
8.331964559862962365e+07
2.150130534999897331e+07
5.032503152183291316e+07
6.646567495178780705e+07
6.576600032412589341e+07
4.210124605815026164e+07
5.785512550477057695e+07
6.512782325962647796e+07
2.390692197751455009e+07
6.103149460557937622e+07
5.089934015435162932e+07
8.388456351552283764e+07
6.218417594003445655e+07
7.007839320689825714e+07
5.372291291778948158e+07
8.102983868599340320e+07
6.533703657272154838e+07
6.811008456894446909e+07
6.287676406310164183e+07
7.953389299507050216e+07
5.954659517048570514e+07
7.099305710998505354e+07
7.100992329052729905e+07
5.243323581945984811e+07
5.458477493472486734e+07
6.952430755310072005e+07
7.717150109889577329e+07
6.842490129484201968e+07
5.603348291771113127e+07
6.796729876326754689e+07
5.652935646206705272e+07
6.674079535992887616e+07
7.300841270229075849e+07
5.353980967398028076e+07
5.387284476043136418e+07
6.720430339408372343e+07
2.823610371927069500e+07
7.365018133650104702e+07
6.845781160100714862e+07
8.400965520037314296e+07
6.547614167997462302e+07
3.357112590173941851e+07
7.419691142645214498e+07
7.097552579793076217e+07
8.319135182717108727e+07
7.205964305976699293e+07
5.904651956472411752e+07
6.029713606940411031e+07
2.541075044813513011e+07
5.764978676949692518e+07
6.422075189347977936e+07
5.267046859846998751e+07
5.777373563768698275e+07
5.491470438285320997e+07
6.782560727058371902e+07
