5.665323314778321236e+07
3.622562597352404147e+07
5.518335108187068999e+07
5.665323314778321236e+07
5.665323314778321236e+07
5.665323314778321236e+07
5.430509720405820757e+07
5.829175735967440903e+07
5.653889045054434240e+07
5.643863126477614045e+07
5.253715022269082069e+07
5.642218093040692061e+07
5.665323314778321236e+07
5.916805613063979894e+07
3.941127616838212311e+07
5.733375301797676086e+07
3.355112050263646245e+07
5.643112334524384141e+07
6.388226873944654316e+07
3.691343750715429336e+07
5.742052339037445188e+07
3.928354281515443325e+07
3.825244721153985709e+07
5.662547954405143112e+07
5.102835417550550401e+07
3.261687785727266967e+07
5.723467249531897157e+07
3.824055194337068498e+07
3.882138461708597839e+07
5.631967587822008878e+07
5.602335494108867645e+07
5.402389532505550981e+07
5.665323314778321236e+07
5.737673656283546239e+07
4.026988686496800184e+07
5.773439448423270881e+07
5.534514822468122840e+07
3.940468782189144194e+07
5.670963949093149602e+07
3.079090639678767696e+07
5.457924927253871411e+07
3.893416433170925826e+07
2.770275414312964305e+07
5.665323314778321236e+07
5.602365096793301404e+07
5.665323314778321236e+07
5.755167257053545117e+07
5.525875414088054746e+07
6.001835044027113914e+07
5.676859038215469569e+07
5.139810517159635574e+07
6.628246492081525177e+07
4.011975190952873230e+07
5.665323314778321236e+07
5.271071722028889507e+07
5.963698888623240590e+07
6.691103364272696525e+07
5.558184035587290674e+07
3.499311431959326565e+07
5.802819871818216145e+07
3.332538450482264534e+07
5.577560841200811416e+07
5.611678805474758893e+07
3.988070237809909880e+07
5.238554006151756644e+07
5.665323314778321236e+07
3.611868478530630469e+07
3.827249386771080643e+07
2.405009362595099583e+07
5.247284357397753745e+07
7.783054326760479808e+07
1.219007683954130411e+08
5.665323314778321236e+07
5.665323314778321236e+07
5.736240382945467532e+07
5.697599201021663100e+07
2.776762813838979602e+07
5.524078650643797219e+07
5.689280376822976768e+07
5.644650267391081899e+07
5.657923452010451257e+07
5.678793973483928293e+07
5.517905534206148982e+07
5.665323314778321236e+07
5.130331576503811777e+07
3.689295046471057087e+07
5.297825884501520544e+07
5.306792949402605742e+07
3.330556439858737215e+07
5.278842311456253380e+07
5.052517274245538563e+07
5.627998746565927565e+07
5.591867856057585031e+07
2.211948512642844021e+07
5.544552808631940931e+07
3.477245764677818120e+07
5.665323314778321236e+07
5.647979873357096314e+07
5.505002906907214224e+07
5.729777950443863124e+07
