6.696064180789288610e-08
3.202019300451662138e-08
3.200196352755963066e-08
7.213843569718889824e-08
2.950675186174322368e-08
3.203622281501965573e-08
3.446741283819186138e-08
2.662072655162260606e-08
3.075284498153270748e-08
2.978960482988792861e-08
5.278837521302899769e-08
3.057377094678300058e-08
2.949335948927326268e-08
2.622983020551518977e-08
2.920315983202505329e-08
2.893014023494872168e-08
3.682821701664766858e-08
2.987241444326821393e-08
2.573842008609923493e-08
3.058567510573886068e-08
2.841322211578214357e-08
2.921723493979770400e-08
3.171319787548244874e-08
3.066211739780103091e-08
5.342075054509143557e-08
3.855453713552950486e-08
2.736641943929470515e-08
3.081900056089253159e-08
3.043570274735709416e-08
2.988894544250070163e-08
3.035250824543589213e-08
3.350588792200550376e-08
2.935170572778095769e-08
2.842912785653444350e-08
2.994660941957075049e-08
2.788798558251907633e-08
3.253516990365770604e-08
2.907325082543165359e-08
2.741131039703154269e-08
4.234380441543831602e-08
3.151458773891489445e-08
3.133873195166926702e-08
4.984960180328484852e-08
3.080702451716255714e-08
7.139215972684405691e-08
1.696319890744839742e-08
2.943297261447043703e-08
2.993994123714836686e-08
2.520349377834796778e-08
2.998414418668065373e-08
7.068428151281190429e-08
2.008320103527626514e-08
2.814556429942501463e-08
2.891267430593792856e-08
4.580066721855708974e-08
2.547345182068676567e-08
3.423287104216153624e-08
3.294716307607327919e-08
3.560275887220056609e-08
2.728854220283156830e-08
1.388353320468577767e-06
3.106986239393443223e-08
3.014177912739624198e-08
2.884072658138949055e-08
5.609028190593554717e-08
2.944045357181911781e-08
3.341977303904435552e-08
3.164590285723439317e-08
6.282245090857698097e-08
3.760638080960453472e-08
2.022366949383336374e-08
1.301593360272801608e-08
3.148052834825648872e-08
4.344841263450502086e-08
2.912009824802752273e-08
2.902993240430031431e-08
4.953168980708442490e-08
3.108998049994129453e-08
2.919788592161496674e-08
3.085330062384951454e-08
2.855841833465480061e-08
2.910572101189716316e-08
3.100772577853353556e-08
3.016848017247161460e-08
6.726585769081675093e-08
3.089234090506650847e-08
4.139226951966495766e-08
4.122249982432693908e-08
3.731944547662766066e-08
7.225909375027827149e-08
4.659695297406232768e-08
3.001129253831402540e-08
3.136353312128394995e-08
7.302872125927128480e-08
8.242306773826814753e-08
3.318454413970802870e-08
5.066934513910402158e-08
3.063764325530009266e-08
3.061131740511100396e-08
2.814362800936190208e-08
