-1.561721907036182471e+07
-1.479836290878398903e+07
-1.487425020832987316e+07
-1.561721907036182471e+07
-1.559370220568570867e+07
-1.472185965965857729e+07
-1.375513910346507654e+07
-1.561721907036182471e+07
-1.561721907036182471e+07
-1.561721907036182471e+07
-1.561721907036182471e+07
-1.561721907036182471e+07
-1.561721907036182471e+07
-1.717386856396527588e+07
-1.575938056307029352e+07
-1.561721907036182471e+07
-1.561721907036182471e+07
-1.558227744964239188e+07
-1.751468608340549842e+07
-1.523824919226211496e+07
-1.561721907036182471e+07
-1.569413163843433186e+07
-1.498380553063102253e+07
-1.523246837966736965e+07
-1.011599190650579520e+07
-1.278083529603077658e+07
-1.645777241194204800e+07
-1.561721907036182471e+07
-1.532674813530178741e+07
-1.549404941731472127e+07
-1.530364026713535562e+07
-1.561721907036182471e+07
-1.568522803271682188e+07
-1.597714068962809071e+07
-1.561721907036182471e+07
-1.635511998219436221e+07
-1.561721907036182471e+07
-1.561721907036182471e+07
-1.640602005933701061e+07
-1.200559485435719602e+07
-1.499921055380540900e+07
-1.561721907036182471e+07
-1.059105941512468271e+07
-1.511532444569403119e+07
-8.449936175426468253e+06
-1.561721907036182471e+07
-1.561016567424235307e+07
-1.561721907036182471e+07
-1.763476826889391989e+07
-1.561721907036182471e+07
-1.561721907036182471e+07
-1.561721907036182471e+07
-1.631184247997777909e+07
-1.588209850302412361e+07
-1.124317724141726084e+07
-1.745223907639219612e+07
-1.400334014050828107e+07
-1.454747679157448746e+07
-1.376898680270656012e+07
-1.646259859617985971e+07
-1.561721907036182471e+07
-1.561721907036182471e+07
-1.538475447881590202e+07
-1.561721907036182471e+07
-1.561721907036182471e+07
-1.566637323947054707e+07
-1.431126729348667897e+07
-1.498307038657869585e+07
-9.093098776455979794e+06
-1.295031583990758471e+07
-2.153839103417226672e+07
-1.561721907036182471e+07
-1.495848225062662922e+07
-1.167582655097146146e+07
-1.561721907036182471e+07
-1.575859020717834681e+07
-1.064427362906310335e+07
-1.500050785664246790e+07
-1.561721907036182471e+07
-1.561721907036182471e+07
-1.596431828950818814e+07
-1.561721907036182471e+07
-1.561721907036182471e+07
-1.561721907036182471e+07
-8.741078552508961409e+06
-1.561721907036182471e+07
-1.207050711349891685e+07
-1.207562457545806281e+07
-1.561721907036182471e+07
-1.561721907036182471e+07
-1.109035955439022556e+07
-1.543073573595621623e+07
-1.561721907036182471e+07
-8.336321347544450313e+06
-7.833135565739316866e+06
-1.421689885930790007e+07
-1.055174369479756989e+07
-1.515676957690841332e+07
-1.519646394410092942e+07
-1.604513485047225840e+07
