2.964033473410497233e+07
5.121891793737215549e+07
4.349808163811874390e+07
6.010218328978123516e+07
4.521300676989687979e+07
1.100850759390003234e+08
3.892712396637718379e+07
4.542021444107434899e+07
1.239489267812602222e+08
4.976756359122474492e+07
8.157056859239201248e+07
8.217599218439210951e+07
4.531930998287894577e+07
1.372419594142420590e+08
4.531930998287894577e+07
9.514576670349411666e+07
9.341185728870141506e+07
4.077901529198282957e+07
4.400249061299203336e+07
4.418911471130670607e+07
5.095828610046815872e+07
4.223484402681113034e+07
4.375210526234342158e+07
4.459016628259015083e+07
9.287403575202891231e+07
3.471282752513929456e+07
4.468384166292562336e+07
3.615502365368634462e+07
3.677922807921069115e+07
4.006318561922848970e+07
4.891529815580832958e+07
5.058606222495179623e+07
4.318363720626487583e+07
1.089170092289737016e+08
4.293201880185506493e+07
4.166611617496168613e+07
4.711823895100843906e+07
4.531930998287894577e+07
1.283845792748108357e+08
4.531930998287894577e+07
4.399453938033501059e+07
1.169686560437107235e+08
3.090375268656235561e+07
4.419187977892157435e+07
2.813263547268805653e+07
9.802786841671857238e+07
4.021074517678494006e+07
4.184137226455665380e+07
1.402395470810910463e+08
4.912858254626291990e+07
3.466305136074831337e+07
5.891926648669026047e+07
4.686712207998520136e+07
4.275122275285663456e+07
3.995648717562355101e+07
5.863407390716361254e+07
3.929992006073526293e+07
1.166959661236054748e+08
1.151632820734506100e+08
4.707100281520614773e+07
1.425133218428112566e+08
1.084780092377339453e+08
3.998409655211015046e+07
4.589846117828843743e+07
2.122139045412075520e+07
4.536726291465449333e+07
4.256517121501492709e+07
3.925745810704769194e+07
3.188511543576150015e+07
3.969306866406106204e+07
5.842363550835596025e+07
7.365361402458381653e+07
4.393027058844822645e+07
3.276177274730164930e+07
4.567544873087482154e+07
5.009599219781561941e+07
9.643474828591850400e+07
3.897202315751449019e+07
4.325250882733661681e+07
4.877303330956444889e+07
1.084503710518203825e+08
4.076896799636692554e+07
4.425196200366984308e+07
3.984155644561675191e+07
3.551388849247208983e+07
3.913050044005506486e+07
4.176123441251470149e+07
3.354493803826723620e+07
1.004700536778320372e+08
2.979078525330821052e+07
3.396739521397073567e+07
1.237348523354949057e+08
1.028928480832398683e+08
8.058963170936803520e+07
2.770255795474211127e+07
4.208360554576205462e+07
7.524933058227723837e+07
4.441829994562504441e+07
1.229690654845146984e+08
9.867238938688652217e+07
