-2.297734321157243475e+07
-2.487839887020964548e+07
-9.684405566377716139e+06
-1.217135759396085516e+07
-2.363722920082402602e+07
-1.340149897284857929e+07
-1.114938168205644190e+07
-1.348687693505576625e+07
-9.653381223745359108e+06
-2.553476100626869872e+07
-1.060246696622299775e+07
-9.742585031400434673e+06
-1.109010182533478178e+07
-9.696067185892032459e+06
-9.647123173173096031e+06
-1.114483319440503418e+07
-2.417387852646864951e+07
-1.113554673417614028e+07
-1.114938168205644190e+07
-1.110811934832026809e+07
-2.555298626320926100e+07
-1.068071732054027356e+07
-1.046206240481070615e+07
-1.114938168205644190e+07
-2.296696764205290750e+07
-1.061628560153294541e+07
-1.116490150558855385e+07
-1.114938168205644190e+07
-9.680734834152754396e+06
-9.660401493054542691e+06
-1.020326040199825540e+07
-2.445342806650506705e+07
-1.230059318534263782e+07
-1.114422954376880452e+07
-1.401432389569043182e+07
-9.654655838486149907e+06
-9.649649555211216211e+06
-9.656587288772497326e+06
-2.548401201153475046e+07
-2.350679367927931249e+07
-9.692500761353611946e+06
-2.399797264180173725e+07
-1.102993599712171033e+07
-1.114490550979087688e+07
-2.437395909330467135e+07
-5.277165364878619462e+07
-1.113435455382848531e+07
-1.114938168205644190e+07
-9.731104620319576934e+06
-1.113664945955661125e+07
-1.208196747318345122e+07
-1.114938168205644190e+07
-1.025435297192132287e+07
-1.114938168205644190e+07
-1.405154943303742819e+07
-1.352376526520363986e+07
-1.256554566646897979e+07
-1.023716961979941837e+07
-1.241948975244222395e+07
-2.545552609374513850e+07
-1.467439045355398953e+08
-9.644869155035495758e+06
-2.488126568145723641e+07
-9.676069518108662218e+06
-2.287511711794992536e+07
-1.068747879239231162e+07
-1.114938168205644190e+07
-1.046336074286881462e+07
-1.239096833771122433e+07
-2.407990204136442393e+07
-3.518604034267482907e+07
-5.513743624053344131e+07
-2.455877669498248398e+07
-1.003286709004250914e+07
-1.114938168205644190e+07
-1.114429459670034423e+07
-1.204426533003994450e+07
-1.017453555917753093e+07
-1.114938168205644190e+07
-9.648562156047115102e+06
-2.540700668605506048e+07
-9.693109195246502757e+06
-2.489488853564109281e+07
-2.517723594964792952e+07
-1.361065626225910150e+07
-2.576232148931270838e+07
-1.152151702178846486e+07
-9.935327181738002226e+06
-2.416333090762615949e+07
-1.224148683482813835e+07
-1.114938168205644190e+07
-2.502434798632481694e+07
-2.488162084325215220e+07
-1.417604932256168313e+07
-1.737193516497001797e+07
-9.654283016906511039e+06
-1.114938168205644190e+07
-1.114525437327338010e+07
-1.114938168205644190e+07
-1.115850608771796711e+07
