4.507319365236560255e+07
2.784677342418986186e+07
7.418751356684246659e+07
8.882173533484126627e+07
1.069229128146886826e+08
6.140111810332874209e+07
2.224360271061583161e+08
8.600343869207301736e+07
7.847784346318794787e+07
7.168326247749029100e+07
7.575300082048872113e+07
6.263862229755039513e+07
7.148534406369099021e+07
4.969890486679351330e+07
7.951379351393927634e+07
1.051813049289862514e+08
7.470164793634359539e+07
8.382345496376584470e+07
1.525724173533373475e+08
7.779611946970473230e+07
6.993129235476630926e+07
7.740599143519636989e+07
1.277778714918377250e+08
6.824840075247037411e+07
8.134404846937470138e+07
8.421205139483158290e+07
9.303951746613074839e+07
7.137381808148454130e+07
7.334893208807186782e+07
7.671522552064834535e+07
7.845814761337721348e+07
7.142802260404965281e+07
6.930860974773326516e+07
7.957503620362965763e+07
5.489771212918177247e+07
7.369953800927455723e+07
7.507994324681423604e+07
1.338162779091135859e+08
5.475708788322460651e+07
6.859724475304839015e+07
7.249245412862209976e+07
8.844003965183895826e+07
9.747592193169915676e+07
6.579724237580332160e+07
2.642844930433054566e+08
1.275137226662699133e+08
6.055923968600620329e+07
8.837963612118561566e+07
7.735616437701681256e+07
6.331082618453567475e+07
7.765401913581374288e+07
8.039815912407462299e+07
6.581613323601572216e+07
8.910069779773853719e+07
2.314808453320101500e+08
1.019470698921445459e+08
8.866706233881619573e+07
7.302693971533741057e+07
6.853157821217030287e+07
7.147045891858160496e+07
3.615098720843462944e+08
6.146380418362437189e+07
7.833827621182602644e+07
6.841559746879482269e+07
8.998821582177102566e+07
9.920963281560003757e+07
8.317078990476147830e+07
1.279514463146747053e+08
1.089443079391406924e+08
8.369313002043065429e+07
8.382944324861989915e+07
3.438098787493355870e+08
9.005455941902743280e+07
2.294384977629952133e+08
8.390066252381797135e+07
6.685656688421081752e+07
7.283396392582280934e+07
8.376582844850382209e+07
7.332090170926833153e+07
9.019239836306583881e+07
6.512019565524704009e+07
8.586097699748222530e+07
7.282511463492475450e+07
1.497243976843318343e+08
6.124356586283969134e+07
7.659877940414953232e+07
6.661277437336295843e+07
9.100632974587821960e+07
6.890858705031922460e+07
1.047523984470470548e+08
1.021694012717864513e+08
9.709020487328331172e+07
6.755521261039578915e+07
8.445660768982456625e+07
7.785604369542463124e+07
2.192639021590748727e+08
7.089703230185566843e+07
7.087458543512934446e+07
6.654261211425563693e+07
9.258665347764249146e+07
