2.028442852288649417e+06
2.323463347914945334e+06
2.253191817903822288e+06
2.033259194517188007e+06
2.288928351389932446e+06
2.262544754144107457e+06
2.323463347914945334e+06
2.390547920413358137e+06
2.323463347914945334e+06
2.312049389607794117e+06
2.323463347914945334e+06
2.323463347914945334e+06
2.323463347914945334e+06
2.434491876012227964e+06
2.330166809559944551e+06
2.324980586270490196e+06
2.170145214454381261e+06
2.323463347914945334e+06
2.323463347914945334e+06
2.323463347914945334e+06
2.342383296477741562e+06
2.321588221738641150e+06
2.323463347914945334e+06
2.294189814134967979e+06
2.050994776736011729e+06
2.149233582881928422e+06
2.364164649958251044e+06
2.284287323840963189e+06
2.296983964560689870e+06
2.303729101547949947e+06
2.291102745752338320e+06
2.225228096086660866e+06
2.323463347914945334e+06
2.325797222363095265e+06
2.301897529033374973e+06
2.370937594817343168e+06
2.323463347914945334e+06
2.323463347914945334e+06
2.358264602699621115e+06
2.323463347914945334e+06
2.323463347914945334e+06
2.271397812551563606e+06
2.074391561845203629e+06
2.284552988786536735e+06
2.273984124999720138e+06
8.277190909533970058e+06
2.335169591630811337e+06
2.323463347914945334e+06
2.454898905061103869e+06
2.298897276649089996e+06
2.323463347914945334e+06
2.734893305463561788e+06
2.302802164664864074e+06
2.317492757616343908e+06
2.323463347914945334e+06
2.323463347914945334e+06
3.337493592174531426e+06
2.323463347914945334e+06
2.198663217607557308e+06
2.350738397540096659e+06
2.323463347914945334e+06
2.280758770492832176e+06
2.293734018945304677e+06
2.327333668366200756e+06
2.035299974049389595e+06
2.288318438598891720e+06
2.229086910448564216e+06
2.269317215172484983e+06
2.045762563088417286e+06
2.323463347914945334e+06
2.323463347914945334e+06
7.545688206044414081e+06
2.274205928915392607e+06
2.323463347914945334e+06
2.330843628441304900e+06
2.321066243029182311e+06
2.068105015841037268e+06
2.287433179982138332e+06
2.323463347914945334e+06
2.293407602772071492e+06
2.323463347914945334e+06
2.327755517613911536e+06
2.323463347914945334e+06
2.323463347914945334e+06
2.323463347914945334e+06
2.301123456787285861e+06
2.323463347914945334e+06
2.323463347914945334e+06
2.179997116848347243e+06
2.323463347914945334e+06
2.085564149523469154e+06
2.323463347914945334e+06
2.273567350525138434e+06
2.052918602469885023e+06
2.323463347914945334e+06
2.199729079520180821e+06
2.072749785432571778e+06
2.323463347914945334e+06
2.261499366133300122e+06
2.351863901149404701e+06
