7.094402549726818502e+07
9.177760509176473320e+07
9.279624302858403325e+07
6.969250691364488006e+07
9.496832623332500458e+07
9.301580048187723756e+07
9.013176389831121266e+07
9.648547628962619603e+07
9.648547628962619603e+07
9.590788642572049797e+07
7.674197877671311796e+07
9.455217857647337019e+07
9.538640593973895907e+07
1.024280526781555712e+08
9.688800757918953896e+07
9.676572881835953891e+07
9.648547628962619603e+07
9.510892771012911201e+07
9.648547628962619603e+07
9.648547628962619603e+07
9.648547628962619603e+07
9.647700263925194740e+07
9.648547628962619603e+07
9.648547628962619603e+07
7.613582186503569782e+07
9.648547628962619603e+07
9.648547628962619603e+07
9.435968919722595811e+07
9.648547628962619603e+07
9.556957068941542506e+07
9.648547628962619603e+07
9.108833922719366848e+07
9.606190638579444587e+07
9.648547628962619603e+07
9.648547628962619603e+07
9.648547628962619603e+07
9.223589568728475273e+07
9.615624135177513957e+07
9.867036644526235759e+07
9.648547628962619603e+07
9.648547628962619603e+07
9.648547628962619603e+07
7.824559557793004811e+07
9.437864851273117959e+07
9.648547628962619603e+07
9.648547628962619603e+07
9.648547628962619603e+07
9.565043926615501940e+07
1.035682391201706529e+08
9.533571898634992540e+07
7.036873393180759251e+07
9.648547628962619603e+07
9.581556704550695419e+07
9.648547628962619603e+07
8.042048690728309751e+07
9.648547628962619603e+07
1.304852540815796852e+08
9.648547628962619603e+07
8.925663571032291651e+07
9.841180679079197347e+07
1.104846989025303125e+08
9.648547628962619603e+07
9.505262475536938012e+07
9.648547628962619603e+07
7.475029908201058209e+07
9.514329264840780199e+07
9.117604729232813418e+07
9.359885925636774302e+07
7.267011288182593882e+07
9.648547628962619603e+07
9.648547628962619603e+07
9.648547628962619603e+07
9.648547628962619603e+07
9.648547628962619603e+07
9.648547628962619603e+07
9.648547628962619603e+07
7.817923327845017612e+07
9.433764689250341058e+07
9.640922285347145796e+07
9.464625301010148227e+07
9.648547628962619603e+07
9.648547628962619603e+07
9.423956676667995751e+07
9.542486367869417369e+07
7.144134060502994061e+07
9.450280107258938253e+07
8.367223699116776884e+07
9.648547628962619603e+07
8.731199548633679748e+07
7.010206793638032675e+07
7.991583200251166523e+07
9.648547628962619603e+07
9.648547628962619603e+07
9.648547628962619603e+07
6.809802736921758950e+07
9.648547628962619603e+07
9.648547628962619603e+07
9.648547628962619603e+07
9.648547628962619603e+07
9.648547628962619603e+07
