1.980989824684228748e+06
2.201587246763987001e+06
2.268876801135393791e+06
2.268876801135393791e+06
2.241621000123694539e+06
2.210286396007290110e+06
2.268876801135393791e+06
2.334657981293979567e+06
2.237674352446018718e+06
2.257904528027936816e+06
2.268876801135393791e+06
2.268876801135393791e+06
2.240193357473353855e+06
2.268876801135393791e+06
2.268876801135393791e+06
2.270745735186915379e+06
2.123705573568375781e+06
2.250283768788786139e+06
2.734709646517972462e+06
2.268876801135393791e+06
2.287742120005622040e+06
2.267695012591374572e+06
2.211756119228375144e+06
2.268876801135393791e+06
2.003014235708486289e+06
2.098954864763302263e+06
2.268876801135393791e+06
2.268876801135393791e+06
2.268876801135393791e+06
2.249945654908127151e+06
2.238058756344428752e+06
2.268876801135393791e+06
2.260254063402916305e+06
2.273374587742249947e+06
2.250042385431769770e+06
2.268876801135393791e+06
2.197212224244770594e+06
2.254852330713068135e+06
2.303007944700995926e+06
2.268876801135393791e+06
2.183523200398102868e+06
2.219630017838374246e+06
2.268876801135393791e+06
2.268876801135393791e+06
2.268876801135393791e+06
2.268876801135393791e+06
2.275557852512049023e+06
2.255453489010150079e+06
2.397469478688562755e+06
2.245987977325442247e+06
1.996922282892770600e+06
2.670913752232749481e+06
2.274602510632498190e+06
2.266407094485962763e+06
2.040577479740268551e+06
2.268876801135393791e+06
3.259416929662174545e+06
2.190621181852006819e+06
2.147027799914635252e+06
2.268876801135393791e+06
1.014537719366981275e+07
2.227543528969039209e+06
2.240388722112523858e+06
2.268876801135393791e+06
2.268876801135393791e+06
2.236431073081147391e+06
2.177933520637179725e+06
2.217460312267593574e+06
2.268876801135393791e+06
2.268876801135393791e+06
3.691083204329499509e+06
2.268876801135393791e+06
2.221852935282345396e+06
2.268876801135393791e+06
2.277125468562202994e+06
2.266892770278422162e+06
2.019724159264386399e+06
2.268876801135393791e+06
2.265672611797875725e+06
2.268876801135393791e+06
2.283439409355566371e+06
2.274422923049980775e+06
2.268876801135393791e+06
2.268876801135393791e+06
2.000024695636686636e+06
2.274545998491545673e+06
2.268876801135393791e+06
2.080365840789589798e+06
2.129052955455216113e+06
2.003210006771895336e+06
2.268876801135393791e+06
2.250217121821101755e+06
2.268876801135393791e+06
2.004893040102611529e+06
2.015601317486602813e+06
2.160982786616228521e+06
2.268876801135393791e+06
2.268876801135393791e+06
2.268876801135393791e+06
2.268876801135393791e+06
