-2.904060186879143864e+07
-4.413846702077290975e+06
-4.618314841779492497e+08
-2.827648070617530122e+07
-9.013430751417268068e+06
-6.702176863698738627e+06
-1.715511092232413888e+08
-7.588168369480499066e+06
-8.556328415760001168e+06
-3.657575391613799147e+06
-1.380683540628877580e+08
-4.336638737191437744e+06
-8.355568340550302528e+06
-1.245045381948774494e+07
-3.664864030807692558e+06
-4.500396064408338629e+06
-1.465991420568168722e+07
-1.516901790354391187e+07
-7.803553225679916330e+06
-4.182493268630783260e+07
-8.408759108961863443e+06
-8.556328415760001168e+06
-5.321969427071580663e+06
-9.297204786895334721e+06
-6.654467957154299133e+06
-3.813661207055218052e+06
-1.046935950029460937e+08
-8.699402593980886042e+06
-4.133477082632558048e+07
-4.091825718897736166e+06
-4.113871365390850604e+07
-2.379220864251361489e+08
-4.308377668466464616e+06
-3.706614489909880329e+06
-3.943571034468416870e+07
-5.124310865806145072e+08
-4.688741651195639372e+08
-1.623778957178581133e+07
-1.822312994499500096e+08
-2.131458883498137072e+07
-2.801885768240738511e+08
-4.084506849497958086e+06
-5.340682185721735470e+06
-8.556328415760001168e+06
-2.931831355838453025e+07
-1.035231199873562716e+07
-9.533501274547342211e+06
-3.728950923177537974e+06
-3.591141525553995278e+06
-3.798937879971580580e+06
-2.851278170559761673e+07
-3.813945698901989963e+06
-8.203163441295680590e+06
-7.806705674810453318e+06
-2.294161953041217849e+07
-1.344222620587742329e+08
-1.073324155990198068e+07
-3.955633527305099182e+06
-1.811394076614817232e+07
-1.818189464949301183e+08
-5.282899444696316719e+08
-4.168239106473723799e+07
-1.755762829736559093e+08
-5.342632406739966013e+06
-1.464203184987552837e+07
-1.726287352601896524e+08
-4.593721734869037867e+08
-1.174037887231460363e+08
-2.341769501319207251e+07
-9.070199068393217400e+06
-5.012326896025001071e+06
-9.828379235692951828e+06
-8.116802401824138127e+06
-5.928205810652840883e+06
-5.803075329145664349e+06
-5.135586805448974483e+06
-4.735483975704105571e+06
-8.770763578786397353e+06
-4.210791359167561866e+06
-4.447246606532569043e+06
-1.817579413043573499e+08
-9.073393069516099989e+06
-3.793504036343129352e+06
-8.635153469159334898e+06
-3.554825567041046023e+08
-2.210193008695484996e+08
-4.181344999032078981e+08
-8.556328415760001168e+06
-9.034829778979683295e+06
-8.556328415760001168e+06
-1.377077557875095494e+07
-1.773175467494138181e+08
-1.754303352456222177e+08
-3.502176594545305967e+08
-2.926766421831067652e+07
-1.719653572986845076e+08
-8.556328415760001168e+06
-6.255516284100465477e+06
-2.468461577231173813e+08
-4.344201259202493355e+06
