-1.496700709909665585e+07
-1.922364599859854206e+07
-2.599877157977128401e+07
-2.588430690512787923e+07
-2.693610332601021975e+07
-1.872579379994509518e+08
-1.838579174642153084e+08
-4.752554010338606685e+07
-2.719414024481282756e+07
-2.025573616748323292e+07
-2.719414024481282756e+07
-1.821588545369705558e+08
-2.030497528689263389e+07
-2.211109038446129486e+07
-1.970200778206873536e+08
-2.251348694132667407e+07
-1.795368608743626997e+07
-1.761644328057909906e+08
-3.130610496580449119e+07
-2.616105423828471079e+07
-2.095659385118078813e+07
-3.937268296409329027e+07
-1.998221636463971063e+07
-2.662060036505977064e+07
-1.435002242567141354e+08
-2.337864262091733143e+07
-2.131883402198842168e+07
-1.888839520213532150e+08
-2.024210302026153728e+07
-2.719414024481282756e+07
-3.266182123425160721e+07
-2.719414024481282756e+07
-2.084379979466285184e+07
-2.427046860991986096e+07
-3.791966091841922700e+07
-3.490635952084366977e+07
-2.558258893552893028e+07
-2.719414024481282756e+07
-2.147642591502242535e+07
-1.687113431852700189e+07
-1.842927990170843899e+08
-2.025042679017103091e+07
-1.586027168543232232e+07
-2.719414024481282756e+07
-1.839518418820440769e+07
-3.765926275682726502e+08
-2.729185427442098409e+07
-2.031463652071263641e+07
-2.251719825986629725e+07
-2.037908808997885883e+07
-1.495597958500284888e+07
-3.206067096868238971e+07
-3.353299867104071006e+07
-2.744292597087116539e+07
-1.910313054533620179e+07
-2.236640148992617056e+07
-2.095515668528312445e+07
-2.562636546405964717e+07
-2.719414024481282756e+07
-2.719414024481282756e+07
-5.361288581582769006e+07
-1.983519056714913249e+07
-2.679379751148900762e+07
-2.749804002045923471e+07
-2.076270857425657287e+07
-1.860702244845662117e+08
-2.222939742010112852e+07
-2.719414024481282756e+07
-2.719414024481282756e+07
-2.639382468901802599e+07
-3.550288548957429826e+07
-3.983445955672258735e+08
-1.994831644710912928e+07
-1.664537579991423711e+07
-2.740629453758478165e+07
-2.405255245485685766e+07
-1.501208974288995862e+08
-1.925510012388892472e+08
-2.730986728411126137e+07
-1.984843314600016549e+07
-2.767763626899069920e+07
-1.919423205567349792e+08
-2.327678140284783766e+07
-1.914120735571786761e+08
-1.500001681337378360e+07
-3.233913911895180866e+07
-1.986229894471954554e+07
-2.080541889299400523e+07
-2.371607584093248472e+07
-2.719414024481282756e+07
-2.719414024481282756e+07
-2.037158920270476118e+07
-1.983852300676182285e+07
-1.797884996450457722e+07
-2.719414024481282756e+07
-1.864123632763906717e+08
-1.491633237121851742e+08
-1.904861068339620531e+08
-1.898660316298508048e+08
-2.719414024481282756e+07
