2.389363252644102648e+07
3.279791170568721369e+07
3.311463965662293509e+07
5.050272464182367176e+07
7.447502311491303146e+07
5.050272464182367176e+07
3.630349509441543370e+07
5.340890599035079032e+07
3.331161818752006441e+07
5.018670718043751270e+07
3.783912383123866469e+07
5.553543785903187096e+07
6.185898977541521192e+07
7.666969560619713366e+07
5.050272464182367176e+07
5.050272464182367176e+07
1.232816111138925254e+08
5.031711809765062481e+07
5.488073404451853782e+07
4.918512534884472936e+07
4.397951341033166647e+07
5.050272464182367176e+07
3.364632022085361928e+07
3.322559050380465761e+07
2.542098536173229665e+07
3.698434759017443657e+07
5.050272464182367176e+07
1.308068327410958260e+08
5.050272464182367176e+07
5.050272464182367176e+07
3.388541289656879008e+07
1.267282067746702135e+08
5.061335043729920685e+07
5.129966020437818766e+07
4.193005605679516494e+07
1.398559865184423029e+08
3.200659212216898054e+07
5.050272464182367176e+07
7.308973874604879320e+07
3.542218014913574606e+07
5.969425916095586121e+07
6.756872890708583593e+07
3.861596089246483147e+07
1.315265769403943568e+08
2.363737078568209335e+07
2.976811958206872344e+08
5.030043303943626583e+07
5.050272464182367176e+07
5.050272464182367176e+07
1.317225866073339134e+08
2.365849878239634633e+07
5.050272464182367176e+07
4.231198914031664282e+07
4.641275651345416158e+07
4.000270262061513960e+07
5.050272464182367176e+07
1.522542221850180924e+08
6.664548479622367769e+07
5.050272464182367176e+07
6.428847088135933876e+07
4.217200312098641992e+08
3.307365066231361777e+07
6.119114029709223658e+07
5.050272464182367176e+07
2.505599347383128479e+07
5.050272464182367176e+07
4.266765755229713768e+07
4.190964802730725706e+07
3.040808453178143874e+07
2.952334712082664669e+07
6.446271962706974149e+07
5.050272464182367176e+07
5.050272464182367176e+07
2.759047308939660713e+07
3.443834847830518335e+07
5.050272464182367176e+07
1.116031952540643811e+08
3.279419343824429810e+07
4.352286494664362073e+07
1.326060623623655587e+08
5.050272464182367176e+07
4.358696174711946398e+07
3.356433157360560447e+07
5.050272464182367176e+07
2.802525029725166410e+07
5.050272464182367176e+07
2.817724985524858907e+07
2.818485093856695667e+07
5.460560157377175242e+07
1.062328483655835986e+08
2.674344754033582658e+07
1.316797370259221494e+08
3.317482234849270806e+07
1.062439365226703733e+08
1.064897749499213398e+08
3.970220177678159624e+07
5.050272464182367176e+07
5.050272464182367176e+07
1.310684718941050172e+08
1.381888175278913677e+08
