-1.836534302671306580e+07
-2.126166173503842205e+07
-1.097536981535837799e+07
-1.972230452776826918e+07
-1.184971215495055169e+07
-1.836534302671306580e+07
-1.617290867433384433e+07
-1.836534302671306580e+07
-1.095166183494164795e+07
-1.836534302671306580e+07
-2.153162405769680813e+07
-1.825394733470753208e+07
-2.163597600291300192e+07
-1.836534302671306580e+07
-1.836534302671306580e+07
-1.836534302671306580e+07
-1.780724260874123126e+07
-1.948705157454143837e+07
-2.240334733482674137e+07
-1.086434503161855228e+07
-1.836534302671306580e+07
-1.836534302671306580e+07
-1.116845627612498589e+07
-1.088539490106958151e+07
-1.996359088437999040e+07
-2.115992192331027612e+07
-1.123089350852478296e+07
-2.145191568454874307e+07
-1.958775074850171432e+07
-2.157203364334033802e+07
-1.112460679125674255e+07
-1.934996828021133691e+07
-1.961780109048663825e+07
-2.167892015465031937e+07
-1.162025980587941036e+07
-1.574665038234602846e+07
-1.891910093258358538e+07
-2.166805010058847442e+07
-1.858979030523454398e+07
-1.907678969000389799e+07
-1.815590898722651973e+07
-1.818518002367449924e+07
-1.029753107078672014e+07
-1.650117736038827896e+07
-1.836534302671306580e+07
-2.515598753412896767e+07
-1.841733951549332216e+07
-1.836534302671306580e+07
-1.142744335068301298e+07
-1.114615501941287331e+07
-1.859383505846375227e+07
-2.383150884896057099e+07
-1.965373040697745979e+07
-1.139060762907624058e+07
-2.122921664776017517e+07
-2.027484769049774110e+07
-1.222096733687500469e+07
-1.807423521169001609e+07
-1.618136035933820717e+07
-1.142116605865829624e+07
-7.821744976039777696e+07
-1.647940619169969670e+07
-1.116868390960636549e+07
-2.164943071605345607e+07
-2.171226792121288925e+07
-1.836534302671306580e+07
-1.801521937766480818e+07
-2.132944205826412886e+07
-1.040647756690764613e+07
-1.836534302671306580e+07
-2.169993303434977680e+07
-2.955365619699512422e+07
-2.134348273124354333e+07
-1.968746100497967750e+07
-1.923866870349511132e+07
-2.163336257017742097e+07
-1.028472741882828996e+07
-1.820371377861141786e+07
-1.672211930494321510e+07
-1.090316950311561488e+07
-2.166440264799948409e+07
-1.971167204596361518e+07
-1.821608669210154191e+07
-1.105677942960058339e+07
-1.724097566276285797e+07
-1.836534302671306580e+07
-1.591020825342731550e+07
-1.037742230412116647e+07
-1.917892758177496120e+07
-1.058018132976773754e+07
-1.912330850758428127e+07
-2.150454924348395690e+07
-1.097755533039241843e+07
-1.059470292238258943e+07
-2.111336709968430176e+07
-1.618395282387104258e+07
-2.141014197130272537e+07
-2.149038542005251348e+07
-1.724486120065693185e+07
-2.179897256685863808e+07
