1.281515915410421044e+07
1.316698716647614725e+07
4.301309868259000778e+07
1.198042649391075969e+07
7.259653081869448721e+07
4.349225888373821229e+07
9.512033392914663255e+07
4.564605519681628048e+07
1.380351981684194691e+07
2.622395443355698884e+07
4.446216643688925356e+07
4.446216643688925356e+07
1.071436075115103275e+08
1.307075233998472802e+07
1.259876567135297321e+07
1.357308902804200351e+07
4.664592535460940748e+07
4.375369665222504735e+07
1.384001123679120280e+07
1.200501597699715570e+07
4.492225138988300413e+07
1.102085240755573064e+08
1.408914480743703246e+07
1.106806216427578628e+08
9.905881494928616285e+07
2.429627802059152350e+07
4.542656503030282259e+07
1.041805474741864353e+08
1.440001852577007003e+07
1.098646963521810174e+08
5.585271391905172914e+07
3.083428411783989146e+07
1.456929645695370808e+07
1.426590457707224973e+07
4.478415392875088751e+07
1.380972929871467873e+07
5.871786379137303680e+07
4.413302356291128695e+07
6.129988696398916095e+07
1.199832048409769498e+07
4.446216643688925356e+07
4.392328117130496353e+07
6.449815045870073885e+07
4.363733329291180521e+07
1.421987616629906371e+07
8.886218581517410278e+07
1.141949465135957003e+08
1.088380062740757465e+08
1.142134120898644775e+08
1.331978228890831769e+07
2.596314553281677142e+07
3.172642074649086222e+07
1.080727486810592264e+08
2.732287855436411127e+07
3.739672146713328362e+07
2.755804190911272168e+07
1.310103351471813619e+08
4.318109436698313802e+07
4.215556415091992915e+07
1.129896633483074307e+08
5.550133390351710469e+07
2.597038462956592441e+07
1.079884135904997587e+08
4.439070546226172894e+07
4.889176795835434645e+07
4.384410551627138257e+07
1.086310436535365134e+08
4.327822548225689679e+07
4.446216643688925356e+07
1.009609677733394355e+08
1.589034146283775270e+08
1.596354083267844915e+08
4.332067127616391331e+07
3.931930148077334464e+07
1.536910868381462060e+07
1.126678319459608346e+08
4.068229356602577865e+07
1.335817716799608804e+07
1.617743486254889518e+07
5.546094237130568922e+07
6.081640029037220776e+07
3.266003920869049430e+07
4.346046039977119118e+07
5.642242539782022685e+07
2.547991264704705030e+07
1.101468250260619521e+08
4.097533290763460845e+07
4.930221140571654588e+07
1.202484172816529870e+07
4.394345486677879840e+07
9.425730269810260832e+07
5.305451956770820171e+07
1.515905310304555669e+07
4.446216643688925356e+07
6.418341219487343729e+07
1.052587997270400077e+08
8.640956505956226587e+07
1.271821922264325991e+07
1.056563421648879796e+08
1.155052375759462267e+08
