-1.251820676207463816e+07
-1.286560538055030629e+07
-1.041266612777494639e+07
-1.227931849904500879e+07
-1.222246190254731476e+07
-1.317800296906676702e+07
-2.960682811188652739e+07
-1.084921335327376612e+07
-1.235925926521761529e+07
-5.652982711203831434e+07
-1.593505252742770500e+07
-1.149077040418397263e+07
-1.530819017111695744e+07
-3.454041325341818482e+07
-1.048736446625548601e+07
-1.086866761623390578e+07
-2.635297869396577775e+07
-1.293296457404383086e+07
-1.237236247507028840e+07
-1.235925926521761529e+07
-3.868693734239301085e+07
-1.144249402545605972e+07
-1.099404551919333637e+07
-1.242342166542213783e+07
-1.235925926521761529e+07
-1.252521593008674867e+07
-6.032567235783750564e+07
-1.712930749846909195e+07
-5.438328069940580428e+07
-3.741692094218961895e+07
-1.391050813631625660e+07
-1.187888320895464346e+07
-1.139746914619810693e+07
-1.134841651824430935e+07
-1.381541950823383220e+07
-1.140018496474246867e+07
-5.168895506818561256e+07
-1.464969719730247743e+07
-1.318824896912878565e+07
-1.167261124679756723e+07
-1.299711871007247269e+07
-1.141636360760862380e+07
-2.154976105532183498e+07
-1.325396650675354153e+07
-1.365790369669359177e+07
-2.472864413775100932e+07
-1.481798849747096561e+07
-1.148177862439460494e+07
-1.403329870056301728e+07
-1.221591444672464766e+07
-1.461739632447456941e+07
-5.930001615684676170e+07
-1.204382415690631047e+07
-3.045772296274846420e+07
-2.263833891980514675e+07
-3.471686071882206202e+07
-4.067478808767950535e+07
-1.144976827536176890e+07
-1.235925926521761529e+07
-1.235925926521761529e+07
-5.362373435877310485e+07
-4.042947279085110128e+07
-4.037154381684075296e+07
-1.095011521466082148e+07
-1.421210222180177085e+07
-1.378012073180082999e+07
-5.037413293565755337e+07
-1.317948293079423904e+07
-2.799747169296845421e+07
-1.206434631353411078e+07
-1.377795923462905362e+07
-2.010244138039794564e+08
-5.204196030195349455e+07
-1.235925926521761529e+07
-1.224365361601824872e+07
-1.537086624424428307e+07
-2.159895633833653480e+07
-4.049482242784605920e+07
-1.147769924254958518e+07
-1.225627082911190391e+07
-1.083054646003027633e+07
-3.775291889321927726e+07
-5.354135163283897191e+07
-1.049302154678552970e+07
-1.492017416464815475e+07
-3.722896188103151321e+07
-1.170099301235623099e+07
-1.273240172717953473e+07
-1.158957075556161813e+07
-1.416635371614709310e+07
-1.300374025028854795e+07
-3.687301353964397311e+07
-1.309225694093614444e+07
-1.604604761241246387e+07
-2.332967064421811327e+07
-1.221469560238937475e+07
-2.288504819498027116e+07
-1.315624390594382398e+07
-1.136651945937548019e+07
-4.644404416135496646e+07
