8.503121865373833477e+07
7.346039554494634271e+07
6.207699857487988472e+07
6.624866317753374577e+07
8.888716102688606083e+07
1.100325925364317596e+08
2.787748029478238150e+07
1.009080787267544419e+08
1.101900463649174720e+08
1.072229634023828954e+08
5.452593725928726792e+07
7.812150357365521789e+07
6.689655276837363839e+07
1.590703401130002141e+08
3.272570159375179559e+07
6.762240327555494010e+07
5.238418505532424897e+07
8.834914419774039090e+07
1.260985968657434434e+08
5.070297224337625504e+07
4.214760964126049727e+07
1.072744934271573424e+08
6.005747495741519332e+07
6.250577685609248281e+07
5.838565331592877209e+07
5.117045493609165400e+07
3.807432828316084296e+07
4.766137916855399311e+07
5.573199898219968379e+07
7.137265361597980559e+07
3.885451705022783577e+07
5.184633724582964182e+07
7.097814195009322464e+07
1.154231924616221935e+08
3.597444575490308553e+07
1.088304062754539996e+08
1.031381139285710901e+08
1.574171216532975435e+08
3.397382359550949186e+07
7.866160244417499006e+07
6.259601826875206083e+07
6.086382777489558607e+07
9.413000717072686553e+07
4.598143002704220265e+07
8.983977792838858068e+07
3.441230109825348258e+08
9.491250184924714267e+07
3.318707836015047505e+07
1.117604446364689320e+08
5.469810191719814390e+07
7.894437853408108652e+07
4.316895664816535264e+07
3.870548501848651469e+07
5.660068002676319331e+07
4.698936721680445224e+07
4.061125679985564947e+07
2.327667541498154104e+08
6.918966144706624746e+07
4.943780904068054259e+07
4.267499782016538084e+07
1.191611903433490843e+08
6.861382306665545702e+07
4.973624466656424850e+07
9.856450835565255582e+07
6.710450414087300748e+07
1.001566673183539361e+08
6.445058505396797508e+07
5.081338570116868615e+07
3.659869132626938075e+07
1.015947211649924964e+08
2.712174057720764279e+08
5.951488289902015030e+07
6.137845184339731187e+07
5.643835484319963306e+07
3.325938661271793768e+07
4.298321996537115425e+07
8.222756235047528148e+07
6.655588287102278322e+07
5.121176195887137949e+07
4.728761713654509932e+07
3.359210125826006383e+07
1.057972500636577606e+08
4.334944453076907992e+07
4.562110906363317370e+07
7.152315753167393804e+07
3.228790041514378414e+07
3.939786494298160076e+07
8.803215324474143982e+07
9.141824729080517590e+07
6.025647207122682035e+07
4.387474658475491405e+07
3.367671503696559370e+07
5.980487675303150713e+07
1.162990973144965917e+08
8.777290144723728299e+07
5.600610516781861335e+07
6.495592683259481192e+07
1.534133132441093326e+08
9.402612626342904568e+07
1.131091405613811165e+08
