2.282836373498457298e+07
7.463675761414620280e+07
7.950559902525687218e+07
4.119646092982191592e+07
7.924199593071469665e+07
4.356781537299526483e+07
7.026592169039162993e+07
8.546683528390075266e+07
4.500630396082934737e+07
7.907885373033894598e+07
7.950559902525687218e+07
7.798977355185389519e+07
7.950559902525687218e+07
8.738728261660510302e+07
4.676586604891684651e+07
7.998708196211002767e+07
6.748652832576143742e+07
7.930538919742719829e+07
9.573022548874872923e+07
4.459599424195587635e+07
8.203549147152557969e+07
4.664468256286302954e+07
7.604613506925222278e+07
7.696126703066404164e+07
5.080574275252007693e+07
6.480875189420925826e+07
8.413738801606413722e+07
7.678693754365094006e+07
7.783923926211971045e+07
7.910109680672450364e+07
4.606952636914210021e+07
7.287099237267962098e+07
8.002906107193540037e+07
4.784010472509842366e+07
7.841635209483045340e+07
8.292361046769265831e+07
7.950559902525687218e+07
8.062027554420971870e+07
5.026163634575240314e+07
3.386837784845312685e+07
7.564128301629549265e+07
4.667913901315686852e+07
5.344522297641988844e+07
7.673967981927949190e+07
4.363654435206127167e+07
2.026100582872686386e+08
7.966233471574951708e+07
7.896366807142657042e+07
9.004964674560740590e+07
7.950559902525687218e+07
4.225640518361742795e+07
1.112866101120630354e+08
8.199856594672559202e+07
4.877693003297915310e+07
5.662369470620425045e+07
8.778146375957298279e+07
8.509159295244304836e+07
4.404270995436184108e+07
6.915141652982337773e+07
7.950559902525687218e+07
7.950559902525687218e+07
7.656083569694006443e+07
7.950559902525687218e+07
8.072379671845494211e+07
4.847800925196523964e+07
7.934760077231073380e+07
7.239291899089053273e+07
7.592765295782062411e+07
4.549364732433867455e+07
6.585795051145583391e+07
7.593135523521278799e+07
2.325875460238533616e+08
7.549104300668449700e+07
3.289400479563443363e+07
7.950559902525687218e+07
8.050363461562420428e+07
5.226155452325236052e+07
7.950559902525687218e+07
8.038760107471741736e+07
7.731450155942095816e+07
7.950559902525687218e+07
8.060852688890311122e+07
7.641977565932466090e+07
7.852947966683679819e+07
7.950559902525687218e+07
4.429958814026665688e+07
6.106186843949510157e+07
6.090619215978451073e+07
6.552307522820770741e+07
4.136711746325709671e+07
3.092103602332515642e+07
7.839456348461666703e+07
7.602938643298266828e+07
4.149281855202929676e+07
7.950559902525687218e+07
7.950559902525687218e+07
2.911886004330652207e+07
4.505061697069354355e+07
7.628793085359846056e+07
4.749265773398240656e+07
