9.034484573979774117e+07
8.723973028188894689e+07
9.034484573979774117e+07
9.034484573979774117e+07
8.942084669767037034e+07
8.714761356628260016e+07
9.034484573979774117e+07
9.390763393515323102e+07
9.034484573979774117e+07
8.979770129237931967e+07
7.185642228618738055e+07
8.871207648620513082e+07
8.931115850151591003e+07
9.034484573979774117e+07
9.034484573979774117e+07
9.061864220909942687e+07
9.034484573979774117e+07
8.978166223652672768e+07
9.034484573979774117e+07
8.899867679687987268e+07
9.146190715582773089e+07
9.036852513054949045e+07
9.034484573979774117e+07
9.034484573979774117e+07
7.128885814437194169e+07
8.031644134490650892e+07
9.266236120106829703e+07
8.842690749152605236e+07
9.034484573979774117e+07
8.949446160161606967e+07
8.885458748163771629e+07
8.533687414078602195e+07
9.012265352562642097e+07
9.090393255367805064e+07
9.034484573979774117e+07
9.279507628979861736e+07
9.034484573979774117e+07
9.034484573979774117e+07
9.238253795227676630e+07
9.034484573979774117e+07
8.651295340007759631e+07
8.786396330388918519e+07
7.326431754507304728e+07
9.034484573979774117e+07
7.188129167346049845e+07
3.152176293507063985e+08
9.046369196549601853e+07
9.034484573979774117e+07
9.697486817408674955e+07
9.034484573979774117e+07
6.588891330568895489e+07
9.034484573979774117e+07
9.177059189343501627e+07
9.034484573979774117e+07
7.531149132814377546e+07
9.562876087223537266e+07
1.221782909746272564e+08
8.620168196112647653e+07
8.355894985864114761e+07
9.221524105725611746e+07
1.034510218264793158e+08
9.034484573979774117e+07
8.902703764111278951e+07
9.072733528311607242e+07
6.999154074421502650e+07
8.921880400610515475e+07
8.544966989176878333e+07
9.034484573979774117e+07
6.804378059851488471e+07
9.034484573979774117e+07
9.034484573979774117e+07
9.034484573979774117e+07
9.034484573979774117e+07
7.682398040024152398e+07
9.081375308394300938e+07
9.034484573979774117e+07
9.034484573979774117e+07
8.833939811882895231e+07
9.036071882963018119e+07
8.882852049586817622e+07
9.034484573979774117e+07
9.034484573979774117e+07
8.847625369735187292e+07
8.934882143028861284e+07
9.034484573979774117e+07
9.053524288470380008e+07
7.834548656139196455e+07
7.838182551441127062e+07
8.175703998856785893e+07
9.034484573979774117e+07
9.034484573979774117e+07
8.943403732073043287e+07
9.034484573979774117e+07
9.034484573979774117e+07
6.376276486294475198e+07
8.496948586898094416e+07
7.311018273741964996e+07
8.852845670376996696e+07
8.765825831629702449e+07
9.180095507146587968e+07
