3.484797171975853294e+07
3.936834306950557977e+07
3.727066129505610466e+07
9.062125129180124030e+06
4.973385782262102515e+07
3.382169495799295604e+07
3.484809919697089493e+07
4.222310278049265593e+07
3.936834306950557977e+07
3.936834306950557977e+07
3.936834306950557977e+07
4.287940973857843131e+07
5.144619735367006809e+07
4.344152476428366452e+07
3.936834306950557977e+07
3.977403718947708607e+07
4.572627259517184645e+07
4.328118637261861563e+07
4.784559844867338240e+07
1.601221589953282289e+07
3.936834306950557977e+07
1.736872243220093846e+07
4.929228288014366478e+07
3.501849039819154888e+07
3.936834306950557977e+07
3.687116667804495990e+07
4.133817727625297010e+07
3.479397363547486067e+07
3.292665951634301990e+07
5.110045757260135561e+07
3.936834306950557977e+07
3.050427803132103756e+07
5.088933628709544986e+07
5.218397203906896710e+07
5.019119565259544551e+07
4.123948251698893309e+07
4.883025318059027195e+07
3.936834306950557977e+07
5.302524374204296619e+07
3.936834306950557977e+07
3.185033090124926716e+07
3.936834306950557977e+07
3.164540530844065174e+07
5.021622196050005406e+07
9.747032548460500315e+06
1.290129366830131412e+08
5.189084175719707459e+07
3.324091690782662854e+07
3.827702652170991898e+07
4.556005108740217239e+07
3.439270069710472226e+07
5.481906952477408201e+07
5.188395071671399474e+07
3.936834306950557977e+07
4.078421320932270586e+07
5.605515699709857255e+07
1.915032809368331730e+07
4.823934939816288650e+07
3.936834306950557977e+07
5.301770930905447155e+07
2.780527075661822781e+07
5.021815396739708632e+07
5.052542559129989147e+07
5.194217467323720455e+07
1.034529080845188722e+07
3.041419749508478120e+07
3.936834306950557977e+07
3.763607324511358142e+07
3.576316697182678431e+07
3.936834306950557977e+07
3.074587132409805432e+07
1.355530904518455863e+08
4.945300543184439838e+07
1.231583071186630987e+07
5.191313099069330096e+07
3.960156892983745784e+07
2.450749859843533114e+07
3.936834306950557977e+07
1.828072157234695554e+07
3.235207071849280968e+07
5.218206361648506671e+07
3.976835374130883813e+07
3.805795675712542981e+07
3.298515401671149582e+07
1.528790625316601247e+07
3.485506883077821136e+07
1.277223376049569808e+07
2.552912653596271947e+07
4.527876474633096904e+07
3.419881357920886576e+07
2.836863822916807607e+07
3.936834306950557977e+07
3.207781071775811911e+07
3.936834306950557977e+07
2.159740698019292951e+07
3.936834306950557977e+07
3.154791469634960964e+07
3.812987360617174208e+07
1.672379500827526860e+07
4.867915179707489908e+07
