4.627325858942332119e+07
1.867357331762850285e+07
1.069514412253911942e+08
4.366136656998240948e+07
7.589480306793150306e+07
5.924827302729056776e+07
6.220936995543235540e+07
2.739999537395707145e+07
2.975818447274445370e+07
6.314161078431832045e+07
3.569231929299996048e+07
2.452061622731564194e+07
4.849047059065207839e+07
8.683282730568554997e+07
6.413590856754694879e+07
7.762402467358012497e+07
4.686389048626784980e+07
1.064836935174017698e+08
7.059095573673567176e+07
5.366551437258449942e+07
6.524657677950798720e+07
1.127707500523998290e+08
7.417907722317294776e+07
5.275482539175051451e+07
1.220405705682074279e+07
5.212660709987561405e+07
5.788683783406693488e+07
7.560186091063380241e+07
6.162774490901178122e+07
5.756713709671451896e+07
1.093073080732801259e+08
7.158055472843392193e+07
7.647883155658295751e+07
6.837302372189980745e+07
7.236317570598220825e+07
8.063601238925264776e+07
6.451549962644645572e+07
7.833521097925207019e+07
6.586784555836810172e+07
5.358105226946599036e+07
2.536199382173240930e+07
2.191496206513801962e+07
4.759531593552152812e+07
7.495330327270168066e+07
7.871006328110986948e+07
1.061321946881298721e+08
4.887945235132699460e+07
7.630666328895278275e+07
7.503753852087253332e+07
6.218525438317869604e+07
3.553227845009365678e+07
1.063540228865090311e+08
2.417133724828743562e+07
2.195815473668711632e+07
4.689637165498132259e+07
6.994107611288742721e+07
6.921424875465640426e+07
2.510536281865383312e+07
4.786104630788598210e+07
2.826047056798755005e+07
7.209925749543817341e+07
1.856026376199698076e+07
6.772456226616710424e+07
1.128322088171021491e+08
4.126576193434406072e+07
7.727090748133233190e+07
1.049988631267261207e+08
5.377369568399281800e+07
3.735464854386042804e+07
1.730603131023275480e+07
2.598417886454798654e+07
1.544133742252974212e+08
2.555412169141410664e+07
5.217480426956989616e+07
7.463295175440242887e+07
7.790525905573014915e+07
3.301366616988440603e+07
6.629626269263370335e+07
6.958675413949300349e+07
5.315474383040552586e+07
6.412225441644675285e+07
2.389224772710933164e+07
4.726341662003944069e+07
7.712754899693599343e+07
4.566743301251295954e+07
1.838690434475785494e+07
6.357326580660005659e+07
4.956756683565513045e+07
1.569979500256317109e+07
3.556290309125568718e+07
5.712184197875937074e+07
6.360664837684763968e+07
6.898291345907278359e+07
3.847069996003516763e+07
4.114917842504125834e+07
6.411456989901342243e+07
4.414346572061555088e+07
7.621920240097044408e+07
2.210806593043053523e+07
6.357326580660005659e+07
