-1.041725381298643164e+07
-1.512363269916301966e+07
-1.521782374208475091e+07
-1.013059410914552212e+07
-1.577735303777742013e+07
-1.517257867032115534e+07
-1.594067903071447834e+07
-1.688547498871979862e+07
-1.555063988559062406e+07
-1.594067903071447834e+07
-1.162681925632904284e+07
-1.559654480972540751e+07
-1.582201752516005561e+07
-1.730707923796099052e+07
-1.604702197966467775e+07
-1.594067903071447834e+07
-1.398424704168193415e+07
-1.594067903071447834e+07
-1.917064665125329047e+07
-1.549329914099967666e+07
-1.625649398468849435e+07
-1.597303756488620676e+07
-1.532160020197130181e+07
-1.559476652777755633e+07
-1.594067903071447834e+07
-1.358655460577014647e+07
-1.658390286151695810e+07
-1.594067903071447834e+07
-1.565949153049539588e+07
-1.578161315791534260e+07
-1.594067903071447834e+07
-1.594067903071447834e+07
-1.592760092222517356e+07
-1.614746636023521423e+07
-1.594067903071447834e+07
-1.656055658252985775e+07
-1.498796244081457146e+07
-1.598896536577037722e+07
-1.652856323099028133e+07
-1.594067903071447834e+07
-1.594067903071447834e+07
-1.537604429803125188e+07
-1.193240096970184334e+07
-1.594067903071447834e+07
-1.095828020320200548e+07
-4.567753639851749688e+07
-1.594067903071447834e+07
-1.580368672967351228e+07
-1.765491877436647937e+07
-1.574666374271880463e+07
-1.024289598951480724e+07
-2.124567577561176568e+07
-1.626150499919284135e+07
-1.606039857000195421e+07
-1.241451338868153654e+07
-1.739298850741872936e+07
-1.894939732477036119e+07
-1.594067903071447834e+07
-1.435910073156289756e+07
-1.594067903071447834e+07
-2.846438367000328377e+07
-1.545492164769531600e+07
-1.567647173248995654e+07
-1.594067903071447834e+07
-1.594067903071447834e+07
-1.580669713876373880e+07
-1.479640640016311966e+07
-1.594067903071447834e+07
-1.594067903071447834e+07
-1.376640103783409670e+07
-1.594067903071447834e+07
-1.594067903071447834e+07
-1.594067903071447834e+07
-1.275636398461518437e+07
-1.606271746907114983e+07
-1.600522542818306759e+07
-1.194340260134023987e+07
-1.543690720705318451e+07
-1.598760077116944082e+07
-1.594067903071447834e+07
-1.619664535847613402e+07
-1.594067903071447834e+07
-1.549698477873422951e+07
-1.570927712786030956e+07
-1.046629521395709366e+07
-1.564614478417366557e+07
-1.308570000479454920e+07
-1.309203671939137019e+07
-1.385277432851050235e+07
-1.594067903071447834e+07
-1.230217726468557306e+07
-1.594067903071447834e+07
-1.536905314624194428e+07
-1.013652438700186461e+07
-9.706898612064000219e+06
-1.463722487436398491e+07
-1.594067903071447834e+07
-1.594067903071447834e+07
-1.594067903071447834e+07
-1.594067903071447834e+07
