5.518227655464378744e+07
6.349810246044424921e+07
6.170315187031771988e+07
4.820532119944290817e+07
5.251670069818543643e+07
4.431849480937352031e+07
8.517947891666865349e+07
2.111701964532278106e+07
6.217184509772259742e+07
1.962109586646447703e+07
6.061024834419987351e+07
5.024279920247255266e+07
8.957590107657337189e+07
9.114772502909113467e+07
1.474466261112790108e+08
6.957728689617954195e+07
4.738946874579602480e+07
6.644114642932031304e+07
7.342149211196970940e+07
5.349938975267471373e+07
8.362094543015207350e+07
7.770203298315310478e+07
4.911429236478175968e+07
1.975596302624499053e+07
6.377719871860850602e+07
8.250961727220286429e+07
9.774429948141074181e+07
8.727007878640934825e+07
6.026468836177705228e+07
6.466437856479282677e+07
8.799989976677633822e+07
5.953009806927029043e+07
5.763326718516447395e+07
7.766899995296274126e+07
7.071156659249418974e+07
9.373363549028493464e+07
7.071421018975710869e+07
6.364372182175718248e+07
4.956685550155219436e+07
7.943043454599007964e+07
7.536675101020780206e+07
9.213295567420344055e+07
7.798657274955058098e+07
8.602200740067148209e+07
9.600452709280568361e+07
2.643390405838668048e+08
6.396248663861050457e+07
5.089393365117483586e+07
8.086793097850434482e+07
2.093565064156746119e+07
5.923629578785429895e+07
9.565828299385233223e+07
7.726532191456906497e+07
6.474518529762022942e+07
2.493815269043567404e+07
1.468024069704090357e+08
4.593635404436589777e+07
5.517135636379481852e+07
7.508401695223383605e+07
6.411352495103024691e+07
2.470977564653102756e+08
5.647303469720594585e+07
9.475589384468346834e+07
6.729753568753232062e+07
6.647591483028985560e+07
8.115326946128536761e+07
6.857596683078682423e+07
6.293861273324412853e+07
8.763063351772350073e+07
6.513786965294060111e+07
3.985363193534531444e+07
2.693051408083600998e+08
7.984367593705038726e+07
8.364316715084338188e+07
6.736801347438597679e+07
4.655519062675434351e+07
8.366800004072454572e+07
8.597275948374296725e+07
8.296094415451487899e+07
4.807902946607412398e+07
3.204493564922918379e+07
7.297127398866577446e+07
8.148033598431549966e+07
4.954771507082015276e+07
5.950716095805172622e+07
8.980689607826864719e+07
6.808703814393614233e+07
6.396660830646263063e+07
8.904667334086406231e+07
3.991576923142316937e+07
9.423298300190944970e+07
2.114475621545585617e+07
7.285671586915735900e+07
7.014701163018649817e+07
7.361403459955838323e+07
9.028938584099455178e+07
6.114432750784840435e+07
9.196637707658562064e+07
7.119800074651895463e+07
4.093699407009150833e+07
