1.676966790881415270e+07
1.365970764921118692e+07
1.404603055967526324e+07
1.598540405649172515e+07
1.781236652484232187e+07
1.404603055967526324e+07
1.617434949399063736e+07
2.015311329010601714e+07
1.407168660376158915e+07
1.418782114758341573e+07
1.538437674503571540e+07
1.404603055967526324e+07
1.410015029817695357e+07
1.439015872665208206e+07
1.411187861698563211e+07
1.404603055967526324e+07
1.409393930670925044e+07
1.788282290736559406e+07
1.617835435354961269e+07
1.361223875106068514e+07
1.406910613700274378e+07
1.863459956856287271e+07
1.386436406910144724e+07
1.404603055967526324e+07
1.550380742089842819e+07
1.428712547056539170e+07
1.412910434976129048e+07
1.392618146352746524e+07
1.391798532977681048e+07
1.397105191336089745e+07
1.401381236586807109e+07
1.402172542670753784e+07
1.829465128063840792e+07
1.382969061597356386e+07
1.384914544169631414e+07
1.966448499348000810e+07
1.404603055967526324e+07
1.379351685901850276e+07
1.940773477850385755e+07
1.404603055967526324e+07
1.374797101192192547e+07
1.404603055967526324e+07
1.219936910236115754e+07
1.404603055967526324e+07
1.063465235804962739e+07
5.957251673882778734e+07
1.414644483303473704e+07
1.404603055967526324e+07
2.151756450469134003e+07
1.389045668338138796e+07
1.000452331647606939e+07
2.768498554288316518e+07
1.404603055967526324e+07
1.396208204536973499e+07
1.292512838228269853e+07
1.389881422745432891e+07
2.089426508199088648e+07
1.401405539353651367e+07
1.408057441383632831e+07
1.384747873762367107e+07
9.642085932923018932e+07
1.400652022768029384e+07
1.391303242154320702e+07
1.877139532602770627e+07
1.491308880552272126e+07
1.387447430891327187e+07
1.404603055967526324e+07
1.397513690219450928e+07
1.568422108607343212e+07
1.502144922038965113e+07
3.354576393961536884e+07
3.513427999894049764e+07
1.404603055967526324e+07
1.468181417187152244e+07
1.392206381539974175e+07
1.396498282028506324e+07
1.503672725812956318e+07
1.401110924082642049e+07
1.404603055967526324e+07
1.414135584283656999e+07
1.890899726298987120e+07
1.388860129353882745e+07
1.775556229102484137e+07
1.403499664751244336e+07
1.025957201278720237e+07
1.404603055967526324e+07
1.456926093552484363e+07
1.459686158339799568e+07
1.437319018148640171e+07
1.680879500224575028e+07
1.486646276981308311e+07
1.404603055967526324e+07
1.758181579546236992e+07
9.880338802305050194e+06
9.427664084880471230e+06
1.385294648465680704e+07
1.530370206737507880e+07
1.785303152621114254e+07
1.776870905244499817e+07
1.402727626242598146e+07
