1.042253517750109546e+07
1.026777028145026602e+07
1.036359356719039939e+07
1.042253517750109546e+07
1.036226433839921467e+07
1.008413265683502518e+07
1.044311746694863588e+07
1.058590778031245992e+07
1.036983099505392276e+07
1.030429798453268409e+07
1.064633668724921346e+07
1.035395220599778183e+07
1.028006736259382218e+07
1.073176587786141783e+07
1.038187205336368456e+07
1.038539763182553090e+07
1.042253517750109546e+07
1.036917738964224607e+07
1.042253517750109546e+07
1.025353818906334974e+07
1.042253517750109546e+07
1.042253517750109546e+07
1.042253517750109546e+07
1.043242276760803722e+07
1.042253517750109546e+07
1.045350422993118502e+07
1.057288204302291386e+07
1.041644204561956972e+07
1.038826668906583823e+07
1.042832368709472381e+07
1.041511414700840600e+07
1.010777712929935753e+07
1.033457069022268988e+07
1.043351254981181771e+07
1.029178910488987714e+07
1.056599810875972547e+07
1.041175638962435164e+07
1.042253517750109546e+07
1.055473432922341861e+07
1.042253517750109546e+07
1.031260096699928120e+07
1.036415491698742472e+07
1.093072895341163687e+07
1.033756224614728056e+07
1.099525049681506865e+07
1.042253517750109546e+07
1.047870800462623313e+07
1.042871810677017644e+07
1.075016406724288501e+07
1.036527950730303861e+07
1.002918640721894987e+07
1.175056837750380486e+07
1.029147722158369422e+07
1.040223722265697271e+07
9.471715363059509546e+06
1.087680409433739260e+07
1.209369102744659036e+07
1.042253517750109546e+07
1.018573361940654926e+07
1.042253517750109546e+07
1.042253517750109546e+07
1.032918124355053529e+07
1.033952019351236522e+07
1.043143327631733939e+07
1.048320490499936417e+07
1.028278176277653314e+07
1.042253517750109546e+07
1.039506025091698393e+07
1.052226898370381258e+07
1.046590764921712875e+07
1.042253517750109546e+07
2.130322020372089744e+07
1.028829092648809403e+07
1.062769998068035021e+07
1.042349517352310754e+07
1.036477699166558497e+07
1.005683881168753281e+07
1.038270713313777186e+07
1.040916229352650233e+07
1.031000473543981463e+07
1.045735613892152719e+07
1.042921206918391958e+07
1.032407831731573120e+07
1.026570272726749443e+07
1.200628288936846331e+07
1.018644320500873402e+07
1.042253517750109546e+07
1.057347655549903773e+07
9.718805435126610100e+06
1.011074512252086960e+07
1.076378282213494182e+07
1.027748025442976505e+07
1.035136264446812682e+07
1.101574037120492756e+07
1.192230906111562252e+07
1.012010336733253300e+07
1.042253517750109546e+07
1.034269912810185179e+07
1.031298414439722709e+07
1.047631924834748358e+07
