-7.279958038407105207e+07
-7.044087026153017581e+07
-1.120726114873651266e+08
-1.078510043896072805e+08
-9.888843988485074043e+07
-6.925270989876782894e+07
-7.615814200065764785e+07
-3.643432968985109776e+07
-7.327664737274710834e+07
-5.415205917791716754e+07
-1.228655074596169591e+08
-1.343792298794068098e+08
-3.876160081145609170e+07
-7.195967301755912602e+07
-1.092418422801643312e+08
-1.031687075087456256e+08
-6.950144634916441143e+07
-6.361919743031994998e+07
-9.471195700757387280e+07
-3.481096684407155961e+07
-1.070730981799780726e+08
-7.395838654513938725e+07
-1.069936677531043589e+08
-3.571285939507615566e+07
-1.113614317613650113e+08
-8.812910371371857822e+07
-1.025935821346780062e+08
-8.313800041614338756e+07
-1.061672128914165199e+08
-7.427905630720907450e+07
-1.126206378730897754e+08
-8.123136697409562767e+07
-7.360741732325871289e+07
-1.088897770213830471e+08
-9.835059147880281508e+07
-1.105317067526713908e+08
-8.922805341152235866e+07
-8.715000180722342432e+07
-8.306605553895734251e+07
-7.992140648050031066e+07
-1.108289241030001640e+08
-7.926458638903699815e+07
-1.362379927256738544e+08
-6.719909493460614979e+07
-6.365954605490847677e+07
-1.665829442445992529e+08
-1.393827218936251104e+08
-1.238157365144263357e+08
-7.611139820083934069e+07
-1.069820152111224979e+08
-7.350533625869069993e+07
-9.606302992334915698e+07
-6.312952572395695746e+07
-5.002731801845321059e+07
-6.384821962239120156e+07
-7.233287437128256261e+07
-9.817290807928843796e+07
-1.021425305287774205e+08
-7.000716023341166973e+07
-7.387466854923492670e+07
-9.296609178665076196e+07
-1.005554737502519339e+08
-1.080600894644768238e+08
-1.126170373183327764e+08
-1.254791513057883829e+08
-4.932785011672277004e+07
-1.289030069639317989e+08
-9.559896198987707496e+07
-9.125969749596856534e+07
-7.476875420848889649e+07
-1.213120800192373842e+08
-1.690245528477398157e+08
-8.531756511274541914e+07
-6.007953119464948773e+07
-8.049841234579169750e+07
-1.045000622935843319e+08
-9.084705444681704044e+07
-7.016981191777527332e+07
-6.374533405752471834e+07
-8.161524628852114081e+07
-1.211940681615937799e+08
-5.996912700509190559e+07
-1.092894579014160037e+08
-1.297151590549828559e+08
-1.049010274083910435e+08
-7.966192849410490692e+07
-9.341431643695536256e+07
-8.623493839566095173e+07
-9.921251413974289596e+07
-6.825273521213731170e+07
-6.136205406235834211e+07
-4.019939945479051024e+07
-7.370380347111742198e+07
-9.783459017183616757e+07
-6.348351106521555036e+07
-1.386001001121417582e+08
-3.977670733381536603e+07
-7.207945855649988353e+07
-6.999806850271128118e+07
-8.999155741949009895e+07
