1.503478985011103749e+08
1.330658740918745995e+08
1.358644339099830389e+08
1.532566234079360366e+08
1.346067927166062295e+08
1.358644339099830389e+08
1.358644339099830389e+08
1.358644339099830389e+08
1.355147706136078238e+08
1.356947256268315613e+08
1.425212617866622210e+08
1.350608712190576196e+08
1.348608941149712801e+08
1.374612956893590093e+08
1.358811544286835492e+08
1.356915058500827551e+08
1.349583980534014702e+08
1.345520106609576941e+08
1.451808778381826878e+08
1.358644339099830389e+08
1.359270473605376780e+08
1.357110705604607463e+08
1.350350443240934312e+08
1.358644339099830389e+08
1.358644339099830389e+08
1.358644339099830389e+08
1.361310609066806734e+08
1.358644339099830389e+08
1.358644339099830389e+08
1.354983447250918746e+08
1.353595433672345579e+08
1.349634322578274310e+08
1.353704298652173281e+08
1.358644339099830389e+08
1.352779118712424040e+08
1.363695138902456760e+08
1.353897942385772467e+08
1.352961314141100645e+08
1.360472216466967165e+08
1.368851881393473148e+08
1.358644339099830389e+08
1.351493941726311445e+08
1.412248597097894251e+08
1.354470705499086976e+08
1.598857604424353540e+08
2.248462382163942456e+08
1.365145360026690960e+08
1.358644339099830389e+08
1.358644339099830389e+08
1.358644339099830389e+08
1.358644339099830389e+08
1.440872086674168706e+08
1.358644339099830389e+08
1.352613589898720980e+08
1.358644339099830389e+08
1.369945323470008373e+08
1.580526389732032120e+08
1.358644339099830389e+08
1.353138442368211150e+08
1.357722170639860928e+08
3.971003310548790693e+08
1.358644339099830389e+08
1.358644339099830389e+08
1.357304472232493460e+08
1.358644339099830389e+08
1.358644339099830389e+08
1.350832832962347567e+08
1.351507150678719580e+08
1.358644339099830389e+08
1.361532810385525823e+08
1.644016632625448108e+08
2.314967038371306360e+08
1.353212705737912953e+08
1.380244719293353558e+08
1.358250376540875435e+08
1.358644339099830389e+08
1.408138421344134510e+08
1.356540581304856539e+08
1.358644339099830389e+08
1.354589801539632678e+08
1.359223116005816162e+08
1.358644339099830389e+08
1.351368161084826887e+08
1.358644339099830389e+08
1.511821090326213837e+08
1.358644339099830389e+08
1.373982552554419339e+08
1.358644339099830389e+08
1.363214689127855599e+08
1.358644339099830389e+08
1.358644339099830389e+08
1.358644339099830389e+08
1.358644339099830389e+08
1.545646519671960175e+08
1.593571095374220610e+08
1.358644339099830389e+08
1.413421678499833941e+08
1.354519123128893673e+08
1.347799285584192276e+08
1.358644339099830389e+08
