1.210356386893976033e+08
1.053316304595719427e+08
1.095039451757569164e+08
1.095039451757569164e+08
1.095039451757569164e+08
1.095039451757569164e+08
1.095039451757569164e+08
1.114587156857699305e+08
1.095039451757569164e+08
1.092328501583036035e+08
1.118914920733836591e+08
1.083414126441774368e+08
1.086348426021242887e+08
1.127901219089388102e+08
1.096701368102684170e+08
1.095714144694473147e+08
1.095039451757569164e+08
1.078468367935520858e+08
1.095039451757569164e+08
1.056246731613274962e+08
1.100198664553786367e+08
1.094285142755472213e+08
1.080279217236642241e+08
1.088012228299849778e+08
1.095039451757569164e+08
1.069035248148587048e+08
1.106725431614790261e+08
1.095039451757569164e+08
1.088407497500934899e+08
1.090330767819931507e+08
1.086803140072769225e+08
1.095039451757569164e+08
1.090258151957712024e+08
1.095039451757569164e+08
1.095039451757569164e+08
1.107767017570214570e+08
1.078755897696058154e+08
1.092272218964809626e+08
1.105581180576300472e+08
1.071406074105728418e+08
1.074175174811097533e+08
1.081476234782104194e+08
1.095039451757569164e+08
1.095039451757569164e+08
1.095039451757569164e+08
2.033778691448442638e+08
1.103261943256003112e+08
1.088538355325400382e+08
1.134312799583088458e+08
1.088375992540283799e+08
1.244556986288488507e+08
1.238785012215027213e+08
1.095039451757569164e+08
1.095039451757569164e+08
1.086598935337938219e+08
1.095039451757569164e+08
1.280474382614668906e+08
1.077134408344926983e+08
1.071187320056960136e+08
1.103318192991570234e+08
1.095039451757569164e+08
1.084870559557560384e+08
1.087757555173104256e+08
1.095039451757569164e+08
1.132824033562242240e+08
1.085618281131449044e+08
1.095039451757569164e+08
1.081199439457768798e+08
1.187238614361428916e+08
1.071242820326261222e+08
1.426059078051317334e+08
1.095039451757569164e+08
1.095039451757569164e+08
1.079631891713153869e+08
1.096058879476803690e+08
1.094698490073076785e+08
1.095039451757569164e+08
1.095039451757569164e+08
1.093052472161093652e+08
1.084681842108725160e+08
1.099523443530142009e+08
1.095155450159007460e+08
1.095039451757569164e+08
1.090314357799150348e+08
1.095039451757569164e+08
1.095039451757569164e+08
1.095039451757569164e+08
1.095039451757569164e+08
1.073226608040617257e+08
1.095039451757569164e+08
1.095039451757569164e+08
1.090213170379228592e+08
1.083387295830445290e+08
1.095039451757569164e+08
1.334651404421110004e+08
1.095039451757569164e+08
1.095039451757569164e+08
1.086207344283987284e+08
1.095039451757569164e+08
1.102523338964973390e+08
