-7.785263372008000501e+06
-7.472523866844277829e+06
-7.400737204040782526e+06
-7.472523866844277829e+06
-7.472523866844277829e+06
-7.395038324334485456e+06
-7.332882434139712714e+06
-7.592102713681273162e+06
-7.432284835433054715e+06
-7.472523866844277829e+06
-7.472523866844277829e+06
-7.438964977362714708e+06
-7.467168986220584251e+06
-7.637507554906593636e+06
-7.485360673345085233e+06
-7.472523866844277829e+06
-7.472523866844277829e+06
-7.453788643838038668e+06
-7.472523866844277829e+06
-7.472523866844277829e+06
-7.511861440254475921e+06
-7.478096463625920936e+06
-7.412968835919391364e+06
-7.437267692145651206e+06
-7.472523866844277829e+06
-7.472523866844277829e+06
-7.554466735508562997e+06
-7.426637042157412507e+06
-7.472523866844277829e+06
-7.459019235193323344e+06
-7.441427308326637372e+06
-7.472523866844277829e+06
-7.473561067450966686e+06
-7.472523866844277829e+06
-7.472523866844277829e+06
-7.472523866844277829e+06
-7.378873509861923754e+06
-7.487651779590395279e+06
-7.472523866844277829e+06
-7.472523866844277829e+06
-7.472523866844277829e+06
-7.416171134544597939e+06
-7.376880224223151803e+06
-7.426792977428118698e+06
-8.010530839349656366e+06
-7.472523866844277829e+06
-7.480108286793679930e+06
-7.472523866844277829e+06
-7.690609678762594238e+06
-7.455216383347803727e+06
-7.908061337034915574e+06
-8.216506217130123638e+06
-7.472523866844277829e+06
-7.472523866844277829e+06
-7.319158149389481172e+06
-7.472523866844277829e+06
-7.505277206783018075e+06
-7.381650239423881285e+06
-7.333634789492080919e+06
-7.552388494457173161e+06
-7.472523866844277829e+06
-7.472523866844277829e+06
-7.472523866844277829e+06
-7.472523866844277829e+06
-7.485844607041910291e+06
-7.468339961799214594e+06
-7.472523866844277829e+06
-7.413568888839871623e+06
-7.472523866844277829e+06
-7.472523866844277829e+06
-8.333230700454080477e+06
-1.018935905361505598e+07
-7.412946331920566969e+06
-7.301326721162069589e+06
-7.486344216063232161e+06
-7.483797538408776745e+06
-7.472523866844277829e+06
-7.419121048815351911e+06
-7.480746817897953093e+06
-7.424958797779264860e+06
-7.472523866844277829e+06
-7.488049037969346158e+06
-7.472523866844277829e+06
-7.448624407456561923e+06
-7.472523866844277829e+06
-7.472523866844277829e+06
-7.294136965529720299e+06
-7.472523866844277829e+06
-7.305078093711249530e+06
-7.472523866844277829e+06
-7.472523866844277829e+06
-7.453993251727569848e+06
-7.472523866844277829e+06
-7.984819523423509672e+06
-8.283089957063194364e+06
-7.334143197787065059e+06
-7.472523866844277829e+06
-7.430111391018131748e+06
-7.428285133844059892e+06
-7.515924209662639536e+06
