1.215417385558481365e+08
8.072811799415366352e+07
7.440600974004152417e+07
1.123695043804933727e+08
7.281468982179872692e+07
2.405429834431330264e+08
8.506180140005652606e+07
7.361570534196507931e+07
5.825561188852100074e+07
8.244465196411249042e+07
1.193060187709629387e+08
7.782607555611012876e+07
5.847492970794489235e+07
7.668237228230078518e+07
7.888064245732091367e+07
7.233171742937426269e+07
9.143280443462319672e+07
7.792057858135356009e+07
7.668237228230078518e+07
7.623627601433669031e+07
7.210213414981290698e+07
7.559605095226261020e+07
8.038071642021037638e+07
8.310952894203698635e+07
6.046124798041615635e+07
8.766522096189524233e+07
7.410729906521724164e+07
8.261344399310232699e+07
8.048048127385604382e+07
7.263832900200548768e+07
5.875494188679336756e+07
8.671220725255681574e+07
8.028547382811453938e+07
7.687145491578277946e+07
6.703937814707738161e+07
5.937645425332792103e+07
8.543357502738669515e+07
7.836062303592249751e+07
6.743925302794905007e+07
5.862694336243394017e+07
2.391251154295322597e+08
7.850552192974118888e+07
1.802159317832629979e+08
7.762549187246125937e+07
1.556330851802302003e+08
1.008066372962596714e+08
7.590686566357627511e+07
8.230624556483973563e+07
7.247888384074185789e+07
6.080723444108368456e+07
1.469048660624598563e+08
6.897550958428184688e+07
6.122594133140337467e+07
7.790642092087268829e+07
5.703469509476336092e+07
6.483020598277777433e+07
1.059215274291579574e+08
2.309177432482499480e+08
7.991836307176923752e+07
7.392364721570613980e+07
7.668237228230078518e+07
8.392315485747912526e+07
8.251157817118515074e+07
2.578112222804447711e+08
1.220184452298574895e+08
7.843526384094081819e+07
6.508099093561686575e+07
6.599559089541700482e+07
1.356574522060521543e+08
9.380071239731444418e+07
8.163845276434855163e+07
9.891219490114049613e+07
7.416119716581095755e+07
1.053016198824007511e+08
8.038492177825944126e+07
7.445969647139954567e+07
1.130214227974515706e+08
7.714120625981383026e+07
7.378942963782133162e+07
5.820453886894054711e+07
7.422372497427234054e+07
7.619075242989967763e+07
8.244947652851966023e+07
7.999293806991256773e+07
1.419352012211462855e+08
8.644794345301741362e+07
1.000619104551692456e+08
5.658579874618905783e+07
6.074198757520474494e+07
1.498132744567834735e+08
8.132379417935131490e+07
8.145938637021459639e+07
8.527839479228861630e+07
1.134766641794773936e+08
8.205827342757490277e+07
8.100265238232466578e+07
1.015205868201054186e+08
8.256200077992932498e+07
6.568026039940636605e+07
8.006942942363223433e+07
