1.381607439820533618e+07
2.724490980030063167e+07
2.939328199682872370e+07
2.162798789195958152e+07
2.697557776688627154e+07
2.816313340866891667e+07
2.691152729898330197e+07
2.816313340866891667e+07
2.766358446414218098e+07
2.856463701341143996e+07
2.275656164909970760e+07
2.816313340866891667e+07
2.816313340866891667e+07
3.142560777861692011e+07
2.830083554307507351e+07
3.015755566407190263e+07
2.412681607598694041e+07
2.274838340557579324e+07
2.816313340866891667e+07
2.171618617225656658e+07
2.282464138220989704e+07
2.703090835646812245e+07
2.615348780382020399e+07
2.146994589556385204e+07
2.695483149644160643e+07
2.808675431461847574e+07
3.069170433951774612e+07
2.145024084043486044e+07
2.177348646484705806e+07
2.795956437679257244e+07
2.174913677260203287e+07
2.816313340866891667e+07
2.816313340866891667e+07
2.844443006419313699e+07
2.816313340866891667e+07
2.786169952767936885e+07
2.038869038465736806e+07
3.010064925119475648e+07
3.057371404355323687e+07
1.700497908590935543e+07
2.598475274568066373e+07
2.162516570129416138e+07
2.714551172011142969e+07
2.968047197289992124e+07
2.488224435609742627e+07
6.193464795351886004e+07
2.200315305452967435e+07
2.800820792337928712e+07
3.074421785020771250e+07
2.987038589433844760e+07
2.170869066123111174e+07
3.184956298743622750e+07
2.782616815252175927e+07
2.726148318241865560e+07
2.575474425312532112e+07
2.816313340866891667e+07
3.261874378981370479e+07
2.914517239579549059e+07
2.763626258066026494e+07
2.670892582889129594e+07
1.179738119526463896e+08
2.127035341958153620e+07
2.188230647740904242e+07
2.252777896999889985e+07
2.816313340866891667e+07
2.237103234675546736e+07
2.816313340866891667e+07
2.136411939959379286e+07
2.388057279088763148e+07
2.654627402217816189e+07
2.816313340866891667e+07
6.471121267932385206e+07
2.131742144784716517e+07
1.666656761155958660e+07
3.021699856623041630e+07
2.824546482854982838e+07
2.711044298668451607e+07
2.969206664455171674e+07
2.902437269758988172e+07
2.765691769386822358e+07
3.030164280512763187e+07
2.912928073272843659e+07
2.761845496744798496e+07
2.816313340866891667e+07
1.954814129642311484e+07
2.582131513637578115e+07
1.716018799438808486e+07
2.446730121809948981e+07
2.214735122508797795e+07
2.728564913223457336e+07
2.350039152245712280e+07
2.988357456940753013e+07
2.955170460759720951e+07
2.816313340866891667e+07
2.816313340866891667e+07
2.897347117304721102e+07
1.542415449845243059e+07
2.637814630275713280e+07
2.955168676008319482e+07
3.049071597739583999e+07
