1.070534884788787737e+07
1.714522022920303792e+07
1.742275918646471575e+07
1.026607720011585206e+07
1.827459137090153247e+07
1.733124337274661660e+07
1.658451410942763835e+07
1.953076050525401533e+07
1.779835462130086496e+07
1.812101343682495132e+07
1.836389354299960285e+07
1.793434567281851545e+07
3.898159928946817666e+07
2.005373511418151483e+07
1.840988121067603678e+07
3.882830256638859957e+07
1.564430927443653904e+07
1.818912512563715875e+07
4.671604498013700545e+07
1.781895138552815467e+07
1.870291781718717888e+07
1.831928940982420743e+07
1.836389354299960285e+07
1.780901620025492460e+07
1.219829514734771848e+07
1.522401701672656648e+07
1.925234408829680085e+07
1.836389354299960285e+07
1.790464684828362614e+07
3.842986407745540887e+07
1.791060828213105723e+07
1.675284566954156198e+07
1.827480383501748741e+07
3.943593098061516136e+07
1.820116339502429590e+07
1.908567611736248434e+07
1.836389354299960285e+07
1.849528204113499448e+07
1.836389354299960285e+07
1.432538301611423492e+07
1.737513770456866547e+07
3.590261889906831086e+07
2.677438498827951401e+07
1.767036026871265844e+07
2.220277500274646655e+07
4.564967562456220388e+07
1.842396572440341488e+07
1.808770994843887910e+07
2.056853416746486351e+07
3.801742677046561986e+07
2.130664008333380520e+07
5.371158489653630555e+07
3.856936267282377183e+07
3.840603099146357179e+07
1.353008231562558562e+07
1.836389354299960285e+07
1.836389354299960285e+07
1.700962181278040260e+07
1.836389354299960285e+07
3.997786264255281538e+07
1.959065334271508083e+07
1.782813989871720970e+07
3.770805740797368437e+07
1.858912423457512259e+07
2.470559477822661772e+07
1.836389354299960285e+07
3.567263066783629358e+07
1.836389354299960285e+07
1.110600872649925947e+07
1.534428707056083903e+07
2.908541737370363623e+07
5.194202828037548065e+07
1.758585813585660979e+07
1.385966652281653881e+07
1.863341685562938824e+07
1.847778712632754445e+07
1.836389354299960285e+07
1.767730943413918093e+07
1.845123850156195834e+07
1.789046854830736294e+07
1.862453464304881915e+07
1.836389354299960285e+07
3.734043004569832236e+07
1.806051739030299708e+07
1.066860690555544011e+07
1.775416539984649792e+07
1.431258902148535103e+07
1.456207766357808560e+07
1.537879091021165624e+07
1.836389354299960285e+07
1.329098332447090000e+07
1.822070107471688464e+07
1.766399183104222268e+07
1.035299507353333756e+07
1.951335384509396553e+07
3.573998385955771059e+07
1.263680444402441755e+07
1.836389354299960285e+07
1.784841123398333415e+07
4.025597241473599523e+07
