1.476761854352531135e+08
4.403216013519784808e+08
2.820558476371275187e+08
1.416062383836218119e+08
2.922720366163366437e+08
2.749286920556040406e+08
2.538610628755176663e+08
2.942082830961515903e+08
2.820627966614832282e+08
2.890216737957722545e+08
2.991689063538602591e+08
2.852149010544410348e+08
2.942082830961515903e+08
3.277434697107434273e+08
3.046912616703813672e+08
2.954877155134150386e+08
2.433255117029459476e+08
2.900978739701390266e+08
3.487138867450989485e+08
2.823982906033517122e+08
3.027624402059957981e+08
2.942082830961515903e+08
2.942082830961515903e+08
2.942082830961515903e+08
1.791947775332683027e+08
3.815741923578492403e+08
3.099186713383408189e+08
4.502903242804508209e+08
2.876359723390318155e+08
2.884083693110755682e+08
2.844239364032013416e+08
2.661188832100639939e+08
2.942082830961515903e+08
3.034380862430082560e+08
2.893427153834376931e+08
2.942082830961515903e+08
2.676168465589453876e+08
2.947360178140224218e+08
3.074001569009010792e+08
3.563152082940588593e+08
2.942082830961515903e+08
2.942082830961515903e+08
1.873280704993625283e+08
4.516915182406061292e+08
1.468887485275841653e+08
1.132457643598404408e+09
2.945302705324332714e+08
2.913443239187193513e+08
5.313824989778807759e+08
2.877764655397858024e+08
2.383897126480004191e+08
2.942082830961515903e+08
4.700914591972492933e+08
3.012643590731614232e+08
2.942082830961515903e+08
5.207505079666810632e+08
2.986786819347642064e+08
2.707821680520308018e+08
2.519861254441737533e+08
3.107073164968770146e+08
1.602191166849624217e+08
2.799385197000091672e+08
2.860198952042102218e+08
4.721108531099489927e+08
1.712026352416686416e+08
2.934331431709527373e+08
2.633875839200090170e+08
2.942082830961515903e+08
1.563525050168852806e+08
2.354082689454687238e+08
4.751212488420500755e+08
8.628825898449410200e+08
4.417481586600465178e+08
2.942082830961515903e+08
2.942082830961515903e+08
4.699022387989444733e+08
1.887896007155723870e+08
2.786267041981470585e+08
4.641713155398990512e+08
4.538308806378098130e+08
2.942082830961515903e+08
2.979542426213179231e+08
2.942082830961515903e+08
4.583982136494555473e+08
1.490061466158490777e+08
2.874945585838443637e+08
2.210802905652496517e+08
2.172061747441880703e+08
2.942082830961515903e+08
1.400489636089602113e+08
3.279651800000759363e+08
2.898672845534685254e+08
2.828043302048751116e+08
2.942082830961515903e+08
1.293292957581383884e+08
2.605951869831150770e+08
1.870604558637592494e+08
2.840683732292726636e+08
2.860302431324566603e+08
4.834326480732531548e+08
