7.826038949454431236e+07
1.386051514205539040e+07
4.783828091473355889e+07
1.376618012865123451e+08
1.590580952292516828e+08
3.092476260220952705e+07
6.391690905062104017e+07
2.955195145845969021e+07
5.704292011252170056e+07
3.026799154336904734e+07
1.056076179129049033e+08
2.179691849840225279e+08
9.982941974509526789e+07
7.751016067247976363e+07
1.008665391048409343e+08
3.191408059624722973e+07
3.051819267986832559e+07
3.124660271241859347e+07
3.441299532140474766e+07
7.559591926017408073e+07
3.468921012735345215e+07
7.131866938621309400e+07
1.422608291662850380e+08
2.852923696057932451e+07
9.113709775901265442e+07
8.483922343954715133e+07
2.810266499035593495e+07
2.399454315293008462e+07
6.402424022262282670e+07
1.208225883526444733e+08
2.162198255694601834e+08
3.019403145255053416e+07
1.207329216631866395e+08
3.167486748125628009e+07
7.733865826460617781e+07
7.610656638780157268e+07
2.212588164273808300e+08
7.568228027259048820e+07
3.315561254040548205e+07
5.392381557258898020e+07
2.496789843764843047e+07
6.860701074594423175e+07
7.201201307634183764e+07
5.896715973334493488e+07
1.147833986093343496e+08
1.157391347585783601e+08
3.094654861202160269e+07
9.648839548669332266e+07
2.019540420012795925e+08
1.230499376623450816e+08
1.148038731357737482e+08
3.554819246422216892e+08
2.357078907377761900e+08
5.361854527789763808e+08
2.635070569326485693e+07
2.849372296317360178e+07
4.725613193180795759e+07
3.193455820251643658e+07
3.219138457567614689e+07
3.126004041227415577e+07
1.663647010802032650e+08
2.672104154980066419e+07
1.054528470399451852e+08
6.518895909811268747e+07
8.504772729099525511e+07
3.048171731972383335e+07
6.988499946161834896e+07
1.325361021127028614e+08
8.238920259497424960e+07
7.020253965750113130e+07
9.565092018374250829e+07
1.432852148427498043e+08
7.881723293959729373e+07
6.061842919668852538e+07
6.334639916441750526e+07
8.079384576779033244e+07
6.252656616333279014e+07
3.263271456106834412e+08
2.343782163040661216e+08
2.328297294510525092e+07
6.975995336518490314e+07
2.765478012265371531e+07
1.656103797211209834e+08
3.388241362541614473e+07
1.286183521321277320e+08
2.037556578769994155e+07
5.188919512946332991e+07
1.049788825650304854e+08
1.158689624924552590e+08
1.410177042744505107e+08
1.520975968121367991e+08
7.410614619304932654e+07
2.995633402121148631e+07
1.205023900050538033e+08
9.184289439092557132e+07
1.493650798489969596e+07
1.228503972823608518e+08
2.186882581518350840e+08
2.722765717988944799e+07
1.862952389626555145e+08
