-4.934042673596612364e+07
-3.928876251134593785e+07
-1.020912293810153455e+08
-3.801174680472560227e+07
-3.969991853175132722e+07
-4.047808048573223501e+07
-3.704637052490159869e+07
-3.233288740823873505e+07
-3.692206477884912491e+07
-3.965289153255487233e+07
-4.411689106944309175e+07
-3.635602125285600871e+07
-4.238334667647954822e+07
-3.551883015209271759e+07
-3.968237146903721243e+07
-3.863087389724259079e+07
-3.962390807411248982e+07
-3.946908330588524044e+07
-3.827862852232707292e+07
-3.603613543829821050e+07
-1.071770745625331402e+08
-3.969991853175132722e+07
-3.689055457553975284e+07
-3.717774885829580575e+07
-5.069117502016313374e+07
-3.969991853175132722e+07
-3.969991853175132722e+07
-4.805170788642677665e+07
-4.260810327253484726e+07
-3.514252261261606961e+07
-4.114085857825712860e+07
-4.205165576193723828e+07
-3.727126465476710349e+07
-4.565058567965202779e+07
-3.647989942503403127e+07
-4.376040968066778779e+07
-4.828943384446778893e+07
-3.610362814873635024e+07
-3.865969717292261124e+07
-3.871521586154048145e+07
-3.750628224436347187e+07
-4.723886318879645318e+07
-4.875313132984039187e+07
-1.043140232454141080e+08
-5.248262355055604130e+07
-6.549369912129671872e+07
-4.290191823501459509e+07
-5.838235536965803802e+07
-3.902815271903742105e+07
-3.955378611494313926e+07
-5.100335573650953174e+07
-1.319528607834793776e+08
-3.969991853175132722e+07
-3.837248992848675698e+07
-9.287061798508994281e+07
-4.138482128363995254e+07
-4.791515361818535626e+07
-4.001382396596151590e+07
-3.522169044935554266e+07
-3.236316033496236056e+07
-2.701913118740396500e+08
-3.201235165475271642e+07
-3.919375625559172034e+07
-4.537561607385558635e+07
-4.803486660269349813e+07
-3.513643228839115798e+07
-3.872637995526655763e+07
-4.285752075547216833e+07
-5.156450384577802569e+07
-4.227833036934456229e+07
-5.984880854195224494e+07
-6.745873001186223328e+07
-3.928057092564527690e+07
-3.277331353608603403e+07
-3.868947631987430900e+07
-4.112682170626825839e+07
-3.969991853175132722e+07
-3.629207141458451003e+07
-4.340588935404630750e+07
-1.051471377689743489e+08
-3.665407754138448089e+07
-3.866274186065056920e+07
-3.797665303516487032e+07
-3.966442654700832069e+07
-5.476917192379673570e+07
-3.980680379565010220e+07
-3.815467455675659329e+07
-3.258476074877854437e+07
-5.618245540012630075e+07
-4.976067023604958504e+07
-4.239253427092826366e+07
-4.352074462852182984e+07
-3.864648484015280753e+07
-5.009955760813708603e+07
-7.408045010304021835e+07
-4.786421043714971095e+07
-4.081835430291423202e+07
-4.813826571763986349e+07
-3.839563246182720363e+07
-3.701239408245203644e+07
