2.948719224231611937e+07
4.515939441250953823e+07
4.765931693706896156e+07
2.528515215393533558e+07
1.629897956275666952e+08
1.671623567221896648e+08
4.008957135805761069e+07
1.566696423158937991e+08
1.614706179920175076e+08
5.614999575695122033e+07
3.501344642738272250e+07
1.312114999320179075e+08
1.650755278973567784e+08
5.832007423480632156e+07
1.480390335841884017e+08
1.501969891297496855e+08
1.474704054191783369e+08
1.557557182432126999e+08
1.796906702606545687e+08
4.861652843278319389e+07
6.042347683099007607e+07
1.692270619669510126e+08
1.474704054191783369e+08
1.617782656957673430e+08
2.924483713097167760e+07
3.794621572742143273e+07
1.259257011329227388e+08
1.329411447663555443e+08
5.193441266894942522e+07
5.731820305347997695e+07
1.627963626879086196e+08
4.802281245210918784e+07
1.677081071009526253e+08
1.474704054191783369e+08
1.428481700035018325e+08
5.414531119982378930e+07
4.407478295622856170e+07
1.434987335376856923e+08
1.592649170824249685e+08
1.427738013175121248e+08
5.651422312644241005e+07
1.474704054191783369e+08
3.646081690930436552e+07
1.627473875609492362e+08
1.157321719127041548e+08
1.353079624061566591e+08
5.285132002866283059e+07
1.603333781640532315e+08
6.439612920561337471e+07
5.048491853173580766e+07
1.606592502318130136e+08
1.820128051843151748e+08
1.633939030680105090e+08
1.667514442994890213e+08
-3.884101605908177793e+07
1.677891991520035267e+08
5.962737254164823145e+07
1.587186392300171554e+08
1.289094854692390114e+08
1.466398320260030329e+08
3.777848970769988745e+07
5.474324463139807433e+07
1.119424292812466919e+08
1.526302378278093934e+08
2.828492336284679547e+07
5.362328828786190599e+07
1.520938455870489478e+08
1.666616657863239646e+08
2.743223012332039326e+07
3.996132922732892632e+07
1.908887715508130491e+08
3.111748772509712577e+08
1.516115775730718374e+08
1.025584842079433352e+08
5.055603638162239641e+07
1.572682043549016416e+08
3.093352466906633973e+07
4.695462268509167433e+07
1.683408936788053811e+08
1.685037927525525391e+08
1.487777204233144522e+08
1.601277464234486222e+08
1.610414822516705394e+08
4.909944274493360519e+07
2.637092014418360963e+07
1.340091588225843608e+08
1.177646961083395034e+08
4.222477266375765949e+07
1.243226340272467583e+08
2.529777775786701217e+07
1.493893532983694971e+08
5.852868163746527582e+07
4.988980737824025750e+07
8.150985339484784007e+07
6.926068197090822458e+07
1.663376190620503128e+08
1.266335798527949601e+08
4.999151083919966221e+07
1.636149437438998222e+08
1.704941497321268022e+08
