3.119615812341672555e+07
5.901204215412990749e+07
6.296775401313548535e+07
6.296775401313548535e+07
6.252487261868368834e+07
5.883688297936564684e+07
6.296775401313548535e+07
6.296775401313548535e+07
6.296775401313548535e+07
6.241429188957696408e+07
3.821619041548255831e+07
6.296775401313548535e+07
6.296775401313548535e+07
7.012019866454437375e+07
6.357903565266943723e+07
6.377000283482975513e+07
5.229720168158975244e+07
6.259931843499331921e+07
7.604654057680022717e+07
6.107968492368105799e+07
6.477389732962407172e+07
6.296775401313548535e+07
5.984593373151930422e+07
6.296775401313548535e+07
3.766927779791007936e+07
4.992492226530975103e+07
6.657797886173428595e+07
6.064677985573513806e+07
6.154630564443992823e+07
6.296775401313548535e+07
6.139119244493710250e+07
5.691568079967200011e+07
6.296775401313548535e+07
6.296775401313548535e+07
6.296775401313548535e+07
6.296775401313548535e+07
6.296775401313548535e+07
6.296775401313548535e+07
6.296775401313548535e+07
6.296775401313548535e+07
5.953451425641141832e+07
6.296775401313548535e+07
3.998124637789073586e+07
6.059397750236613303e+07
3.105255053764329851e+07
1.649384293687892556e+08
6.302332391357290745e+07
6.235303323155597597e+07
7.203295314369428158e+07
6.211066982052220404e+07
6.296775401313548535e+07
6.296775401313548535e+07
6.564077936876533926e+07
6.391646614923188835e+07
4.294936425944402814e+07
7.090546760339356959e+07
6.296775401313548535e+07
5.792187988362672180e+07
5.438068808042553812e+07
6.642556309981318563e+07
7.378575417618098669e+06
6.044351200211777538e+07
6.296775401313548535e+07
6.390764251269835234e+07
6.296775401313548535e+07
6.272498613047773391e+07
5.685980239638584107e+07
5.991624556055086851e+07
3.289887538567909971e+07
6.296775401313548535e+07
6.296775401313548535e+07
1.907292407008184195e+08
6.296775401313548535e+07
6.296775401313548535e+07
6.296775401313548535e+07
6.346229521972937882e+07
4.016045772007649392e+07
6.019326470720768720e+07
6.338811399970871955e+07
6.072795513249977678e+07
6.443913462604600191e+07
6.375674998188351840e+07
6.071888669753236324e+07
6.296775401313548535e+07
3.121310018466785923e+07
6.124930483130412549e+07
6.296775401313548535e+07
6.296775401313548535e+07
5.119829698707123846e+07
6.296775401313548535e+07
4.225521770983441174e+07
6.202327745593585074e+07
5.998593132666976750e+07
6.296775401313548535e+07
6.296775401313548535e+07
6.296775401313548535e+07
3.979245787294490635e+07
6.078522133659467846e+07
6.061026908773493022e+07
6.296775401313548535e+07
