8.875030071658729017e+07
1.169283119515300840e+08
2.778373117426386103e+07
7.053999784638826549e+07
9.973305220801094174e+07
9.100095603949846327e+07
9.765360180379939079e+07
1.029704267010409087e+08
1.174969394973894805e+08
1.156207928289686888e+08
9.033618757937029004e+07
8.657241549833285809e+07
3.836170436577849090e+07
1.140557974517507106e+08
1.026588728603592813e+08
9.848182094027027488e+07
8.945797669032287598e+07
1.041231361965773702e+08
1.259927704822812080e+08
1.235006172192339152e+08
3.805409624034988135e+07
1.008837241897544414e+08
9.180473984210041165e+07
9.255749380949278176e+07
9.014790228863619268e+07
2.115851322563991323e+07
1.048259666254628152e+08
9.245616796318055689e+07
1.068172385362606496e+08
1.023489041686494350e+08
1.008878226039576232e+08
9.906243982559101284e+07
9.813484159804370999e+07
1.077171891229475886e+08
4.146929245259219408e+07
4.844695523008175939e+07
1.001146955624862611e+08
1.255009126472858787e+08
9.286284764632043242e+07
1.061990889622890949e+08
8.340831249748340249e+07
1.008018016738938689e+08
9.166440794191767275e+07
1.215963783296033293e+08
9.642662641821961105e+07
2.431707438103663623e+08
1.238961625316262841e+08
8.668477127463485301e+07
1.044641588097196668e+08
3.994069554051378369e+07
9.250770577099241316e+07
1.091672738324628621e+08
5.428183904941695184e+07
1.121321857043713778e+08
9.234198380757412314e+07
9.437168071122375131e+07
2.746662843087157235e+07
1.120528071928113103e+08
1.156196022640401274e+08
8.699292182709656656e+07
1.044641588097196668e+08
8.814094611959330738e+07
1.005597840222077966e+08
1.013129105223543346e+08
8.034099904964403808e+07
1.013213303343187720e+08
3.489731064121676981e+07
1.014647279178085476e+08
7.891342143771140277e+07
1.051971164646680057e+08
1.691833780091336370e+08
3.127366980958766937e+08
1.165890847962740809e+08
8.321611967256776989e+07
9.259607598985844851e+07
8.726307794257073104e+07
7.455669639951141179e+07
1.084751540622424185e+08
9.417342706143505871e+07
5.000425583419132233e+07
9.334619510210274160e+07
4.882927732887174934e+07
1.044641588097196668e+08
1.114982015844101012e+08
8.097057817325285077e+07
1.044641588097196668e+08
7.843549317299173772e+07
7.206942140668980777e+07
8.669914752064564824e+07
8.241338968379437923e+07
1.043425261324007511e+08
9.313754023322634399e+07
1.022781453218946159e+08
8.191095732829076052e+07
9.366479249859768152e+07
9.501220823304039240e+07
7.656577781564392149e+07
9.228659670927348733e+07
1.154740300779181570e+08
1.133016791045272052e+08
