-2.578424199897066951e+08
-1.760799740320965648e+07
-1.797073972399092466e+07
-2.442392805800597072e+08
-1.872177707042001560e+07
-1.774237182904723659e+07
-1.678496369861430302e+07
-2.026371672532260418e+07
-1.827155695548738539e+07
-1.865410152550585568e+07
-1.262375687380496971e+07
-1.837156157836934924e+07
-1.870431626513632387e+07
-2.075767950612299144e+07
-1.939853473678555340e+07
-1.900162629573128372e+07
-1.630580157947268896e+07
-4.306809054759823680e+08
-2.236996798761764541e+07
-1.837058284972953051e+07
-1.925700534234655648e+07
-1.915375315593411401e+07
-1.799383725098942593e+07
-1.847762133692403510e+07
-1.248548720034967363e+07
-1.574523495309095830e+07
-5.061352734909553528e+08
-1.904214990979867056e+07
-1.909459889688812941e+07
-1.861136346447193995e+07
-1.853199445817550644e+07
-4.383060548312748075e+08
-4.560719636308999658e+08
-1.931701547176626697e+07
-1.874211749294731766e+07
-1.964625324941875413e+07
-4.520269324424867034e+08
-1.893434911116939783e+07
-4.890013506271850467e+08
-1.469946633355904557e+07
-4.477298844564225078e+08
-4.301439203795659542e+08
-1.305411754690347053e+07
-1.909459889688812941e+07
-1.117524925695320033e+07
-4.724777728033696860e+07
-1.909459889688812941e+07
-1.948341635373456776e+07
-2.127885924889890850e+07
-1.909459889688812941e+07
-1.088067137381696329e+07
-2.585676742058196664e+07
-1.909459889688812941e+07
-1.900698789227372408e+07
-1.909459889688812941e+07
-5.364887850539767146e+08
-2.093455602490855008e+07
-1.764995803190593049e+07
-1.714196359516768530e+07
-4.892791389135054350e+08
-5.536158267264080793e+07
-1.900544590750470385e+07
-1.875910923806800321e+07
-1.909459889688812941e+07
-1.253878684590893984e+07
-1.909459889688812941e+07
-1.723043737185167894e+07
-1.801350450967396051e+07
-1.146542427500684001e+07
-1.909459889688812941e+07
-2.985465751183681190e+07
-1.909459889688812941e+07
-1.855631739165840670e+07
-1.909459889688812941e+07
-1.926655967116286978e+07
-1.897783739854718372e+07
-1.330689002580230497e+07
-1.818934153353339806e+07
-1.909459889688812941e+07
-1.830145831887737289e+07
-1.947202172074096650e+07
-1.899128745800136402e+07
-1.819636598046609014e+07
-4.705633886986385584e+08
-2.577873246132631600e+08
-1.846173388073823974e+07
-1.497174157852726057e+07
-1.474069043823909946e+07
-1.608499787228353322e+07
-1.114380876915296912e+07
-1.382730377841006964e+07
-1.884324563101233542e+07
-4.577224140002604127e+08
-1.091305913649103791e+07
-2.219958133123639822e+08
-4.468266987877889872e+08
-1.333126291521744803e+07
-1.842910372109518573e+07
-1.909459889688812941e+07
-1.929098699587257206e+07
