1.522133145309976339e+08
4.863760377774817497e+07
5.421056701507678628e+07
2.669032496309101209e+07
3.184499825404734612e+08
2.761892224544796348e+08
4.101300503132387996e+07
2.950595335664677620e+08
5.159038506529931724e+07
3.062265606938166022e+08
1.829068620193316936e+08
3.142017033294163346e+08
2.944515788896976113e+08
5.652808180718854070e+07
2.740914335084546208e+08
3.123909227734013200e+08
2.950595335664677620e+08
2.932985952142235041e+08
3.784172864440375566e+08
4.979156683747591078e+07
2.950595335664677620e+08
3.255122342919213772e+08
2.809158842760747671e+08
3.150097249749717116e+08
1.805320906660292149e+08
2.575289153198201656e+08
2.950595335664677620e+08
5.425980640862590820e+07
2.886124318223533034e+08
3.053299252255069613e+08
3.153782018185160160e+08
2.950595335664677620e+08
2.957646757615893483e+08
5.632690296832972765e+07
2.950595335664677620e+08
3.251227440352784395e+08
2.714593524534758925e+08
2.745120735888831019e+08
2.950595335664677620e+08
2.029420533151705861e+08
2.949085436918057203e+08
3.072019444013891220e+08
1.560616286123613119e+08
2.972572521384398937e+08
1.619295604833672643e+08
6.290180584880211353e+08
3.247567584739064574e+08
3.104550541060378551e+08
3.088113989592477679e+08
3.191347527689934969e+08
1.583350359721372724e+08
3.821006394586619139e+08
3.352666202948573232e+08
6.521531318772827834e+07
2.221116691726318896e+08
3.317837933087110519e+08
3.292903180662163496e+08
2.950595335664677620e+08
4.646616499410475791e+07
6.465871810615096986e+07
2.950595335664677620e+08
2.921332116043031216e+08
2.950595335664677620e+08
2.950595335664677620e+08
1.742020800617134273e+08
2.950595335664677620e+08
2.927695179846838117e+08
2.935410779682134986e+08
1.723623712225331366e+08
2.950595335664677620e+08
4.044735573704378605e+08
7.910525625418893099e+08
2.950595335664677620e+08
2.950595335664677620e+08
2.950595335664677620e+08
3.160365815936253071e+08
2.081248548819109201e+08
2.414498786826886237e+08
6.253921525017717481e+07
2.847162229433047771e+08
3.311035619684945345e+08
2.950595335664677620e+08
2.950595335664677620e+08
3.074870649772049189e+08
1.521643815897582173e+08
2.950595335664677620e+08
2.309994765859576166e+08
2.102913080256698132e+08
4.172005515802611411e+07
1.350381566624328792e+08
2.009686562472885251e+08
3.086392405040508509e+08
5.328440779683323205e+07
1.436907984059986472e+08
1.330497726744086593e+08
-4.224948483133402467e+07
2.950595335664677620e+08
3.127111763425433636e+08
2.950595335664677620e+08
2.793223052738338709e+08
