4.063205509647999704e+07
4.252197462174161524e+07
6.493175997687310725e+07
4.115077542235987633e+07
6.473840846575589478e+07
4.287443047559596598e+07
4.225023163083682954e+07
4.488144348765358329e+07
4.317056625126754493e+07
4.385294258801934868e+07
4.401521385623369366e+07
4.401521385623369366e+07
6.801569030081394315e+07
4.585030318802046776e+07
6.867403859072266519e+07
4.412566712992467731e+07
4.161130805464595556e+07
4.400310705523443967e+07
4.972618468421331793e+07
4.355160900162151456e+07
4.405401090678835660e+07
6.830035327036319673e+07
4.401521385623369366e+07
6.699647576395413280e+07
4.003410337090200931e+07
4.114412685610609502e+07
4.498379653571113944e+07
4.373246399782849848e+07
4.346274461724227667e+07
4.376586038280087709e+07
4.323256178273852915e+07
4.282480183146228641e+07
4.454554750745495409e+07
4.420373027118602395e+07
4.345738150570836663e+07
4.446623229968214780e+07
4.249475475330767035e+07
4.396860833046053350e+07
4.401521385623369366e+07
5.610099568123207986e+07
4.271973885891168565e+07
4.401521385623369366e+07
4.027074433534788340e+07
4.341328322401619703e+07
4.351640963169559091e+07
8.890045038412936032e+07
4.378580094731634855e+07
6.741581201910559833e+07
7.502103437576329708e+07
4.370670071442596614e+07
4.122460551504276693e+07
5.128634451112742722e+07
4.396596286302796006e+07
6.753450484726102650e+07
4.023443031614950299e+07
4.552823829187540710e+07
7.472823056412619352e+07
4.262445823778554797e+07
4.221225182586484402e+07
4.501662288165197521e+07
6.201157973698734492e+07
4.399943139307840914e+07
4.393648405469082296e+07
4.393861598824946582e+07
4.401521385623369366e+07
6.659079373216927797e+07
4.239110488804823160e+07
4.289359060447892547e+07
4.067150349570173770e+07
5.953120856324382126e+07
5.980557359053073823e+07
9.376348352675871551e+07
4.401521385623369366e+07
4.056118884520567954e+07
4.381925852161388844e+07
4.371793314277412742e+07
4.008146460035727173e+07
4.305818529716085643e+07
4.401521385623369366e+07
4.315930488876010478e+07
4.432038441216219217e+07
6.800667403155317903e+07
6.597649589385861903e+07
4.337735221632998437e+07
4.107466692725808918e+07
6.722818482518902421e+07
4.067793947188769281e+07
4.068616106291013956e+07
4.194569724937288463e+07
4.138115988685252517e+07
4.401521385623369366e+07
6.686313591453250498e+07
4.372405744086937606e+07
4.139266703263363242e+07
4.219754023591303080e+07
6.357286800598672777e+07
4.059922406535126269e+07
4.345718353967781365e+07
4.322216354611900449e+07
6.983681742457596958e+07
