7.956358221965599060e+07
1.092776526198199391e+08
1.107176602907468081e+08
8.273391213127361238e+07
1.142038292140663415e+08
5.604788532644361258e+07
1.046982081773423851e+08
1.232128143881347924e+08
1.035008410285350084e+08
1.082893048723001033e+08
8.617592441080418229e+07
1.143733369619624764e+08
1.044236390971335471e+08
1.219756639086901695e+08
1.126739446519453675e+08
1.129405257268908173e+08
4.794255260129865259e+07
1.122941279874045998e+08
1.346622761861739457e+08
5.744322091581134498e+07
1.150702213105165064e+08
1.147128565887257159e+08
1.124959322238516957e+08
1.074020115061015338e+08
9.447382741555650532e+07
1.002060973250099868e+08
1.122941279874045998e+08
1.095249966554546356e+08
1.142459717506348193e+08
6.003935460846338421e+07
1.108889648753689528e+08
1.001252811744461507e+08
1.168372635643391013e+08
6.265047764714983106e+07
1.067626527519557625e+08
1.111296068917092681e+08
5.421271559029833227e+07
1.112135020483244061e+08
1.110370608102284074e+08
9.353117498624460399e+07
1.087316253714228868e+08
1.068171435487926155e+08
8.982165790609642863e+07
1.070184585654841959e+08
9.004971704880145192e+07
2.343556106316658258e+08
1.069807695192260891e+08
1.107124335999352038e+08
1.236666217937654108e+08
1.080207777887439877e+08
7.868075904820497334e+07
1.416906675845329762e+08
1.105087702687190324e+08
1.124902060340247005e+08
9.250052915943981707e+07
1.142712145996616930e+08
1.405367919983423352e+08
1.058893455308405608e+08
1.027688080848521888e+08
1.126640262293361425e+08
2.664620337309601605e+08
1.030144445699523985e+08
1.065021990936169177e+08
6.237298250768877566e+07
8.726576492424100637e+07
1.127336865909526497e+08
1.078246863343479037e+08
1.028357735923114270e+08
7.238699415517725050e+07
9.658504968098936975e+07
1.059930790492440760e+08
4.588455057844698429e+08
1.028532215203262269e+08
9.300881295883347094e+07
1.028682614605326653e+08
1.141711181207672060e+08
9.541696978667879105e+07
1.108541027426393479e+08
1.174569137981585413e+08
1.129655562861630917e+08
1.170117764825340807e+08
1.181580561710945815e+08
1.071590241599484533e+08
1.079214408573292643e+08
2.785974578070640564e+07
1.133404261354301423e+08
9.303202209101332724e+07
9.867349966513670981e+07
1.019594912978167832e+08
7.886567727462688088e+07
9.015433277825246751e+07
1.127835500507236868e+08
1.081425483989457488e+08
6.102436516117159277e+07
7.577833106885723770e+07
1.041249751511364430e+08
8.629448793407367170e+07
1.122941279874045998e+08
1.111693628553168327e+08
1.159239361655039042e+08
