2.717303613131370544e+08
4.487654041300120950e+07
4.271472837966552377e+07
2.542640638854469061e+08
4.628138428678426147e+07
4.472320729794132710e+07
4.741419698031688482e+07
4.395419061570600420e+07
5.974263842466813326e+08
6.208608378079437017e+08
4.643749685115513951e+07
4.643749685115513951e+07
4.169429695457699150e+07
5.843166957078228146e+07
4.643749685115513951e+07
6.164933302297480106e+08
4.195991840306670219e+07
5.034759299041340500e+07
4.927762939031789452e+07
6.028240866530513763e+08
4.266826264101441205e+07
4.654137231017032266e+07
4.077811966125655919e+07
4.643749685115513951e+07
3.109453097241212800e+07
3.641318946412344277e+07
4.487212970363439620e+07
4.100620419247913361e+07
4.582613211280951649e+07
4.160609613837353140e+07
5.908268221256071329e+08
4.643749685115513951e+07
4.860308921099846810e+07
4.643749685115513951e+07
4.205918023579394072e+07
4.316918105822483450e+07
5.669819843627195358e+08
4.208184285040932894e+07
6.380310449194868803e+08
3.709164946129619330e+07
4.487020328574828804e+07
4.104100763468886912e+07
3.668994231121610850e+07
4.092643088493384421e+07
2.683234202361702025e+08
9.294972983192625642e+07
6.301559436091009378e+08
4.643749685115513951e+07
5.471896089847600460e+07
4.162747511697453260e+07
3.681117252756919712e+07
4.643749685115513951e+07
4.788833488486526161e+07
4.682777634249562025e+07
3.795994842178187519e+07
4.736244781612949818e+07
4.476192379621312022e+07
4.643749685115513951e+07
5.142643554110240936e+07
4.341655721646610647e+07
1.932259112500772476e+08
4.643749685115513951e+07
4.442813122202280909e+07
6.251160792947548628e+08
3.044102583646792918e+07
4.196863672348937392e+07
4.387518848380293697e+07
4.298989028301232308e+07
3.360433889729068428e+07
3.909649579875092953e+07
4.643749685115513951e+07
9.477927361129705608e+07
4.078198153770300746e+07
4.326063698013231158e+07
4.673529365615101904e+07
4.643749685115513951e+07
3.673396489839627594e+07
4.301144490732185543e+07
4.442125920466808230e+07
4.100459069916081429e+07
4.702067753485915065e+07
4.676034598309939355e+07
5.855624752122907639e+08
6.023754902851059437e+08
2.827114742799082398e+07
4.148901800638470799e+07
5.273198200765751302e+07
3.967647354891134053e+07
3.698560266030781716e+07
2.750538968916550651e+07
3.312135874767068774e+07
4.643749685115513951e+07
5.810794658122357130e+08
2.742393480533799157e+07
3.109384117847730592e+07
4.643749685115513951e+07
3.660548021967382729e+07
4.552429126244027168e+07
5.919696144833763838e+08
4.724315743747677654e+07
