-2.614798704180574417e+07
-6.829881462933440506e+07
-6.568201847100885957e+07
-3.690686654092140496e+07
-3.828008063624309748e+07
-1.042316454774551243e+08
-6.627011996959787607e+07
-8.749606578917934000e+07
-8.023279715221761167e+07
-9.024418091905429959e+07
-4.963365895604588836e+07
-2.885641968739142641e+07
-8.277380848490443826e+07
-6.326658304327508062e+07
-4.284051460371657461e+07
-8.241617978063490987e+07
-1.036566961930991411e+08
-8.705363834954679012e+07
-3.277131044256646931e+07
-5.581220061514491588e+07
-8.482086542180027068e+07
-5.236961472961033136e+07
-7.845328186583504081e+07
-8.159692882885634899e+07
-6.640376466311144829e+07
-6.254506372038214654e+07
-1.642931057393907309e+08
-9.668489415390945971e+07
-4.511626470169323683e+07
-4.162691072807422280e+07
-5.689958138863015920e+07
-5.508566532296760380e+07
-8.007418314109358191e+07
-3.645449432971734554e+07
-1.130582043514060080e+08
-9.986453741747532785e+07
-4.236708657331844419e+07
-6.177196372180222720e+07
-8.804080715850113332e+07
-6.185585538764714450e+07
-6.499234372235935926e+07
-6.802946672410136461e+07
-1.274985715520014763e+08
-3.628746439935462922e+07
-1.364400509060892165e+08
-3.657336776464222670e+08
-9.187422367092816532e+07
-4.165665724697762728e+07
-8.856223235333310068e+07
-6.378750605973830819e+07
-4.832739611568578333e+07
-9.182961723330536485e+07
-5.953933697853723913e+07
-6.849017945131056011e+07
-6.821062863779197633e+07
-3.912811387061876804e+07
-1.066240333103852272e+08
-7.976509794643859565e+07
-9.336061004376904666e+07
-9.204355068879584968e+07
-1.866688212554075122e+08
-6.437147964541405439e+07
-4.728009976957035810e+07
-2.604752679030004516e+07
-3.849283673063891381e+07
-3.873175178379022330e+07
-7.685851936201666296e+07
-4.236193366867145896e+07
-7.023652312359027565e+07
-7.464698612771786749e+07
-6.831052987949553132e+07
-1.168479734573554099e+08
-7.958801954842089117e+07
-6.922475460404086113e+07
-6.866694233446571231e+07
-6.335111065386512876e+07
-4.375832823564612120e+07
-6.324032842348438501e+07
-7.153237291396439075e+07
-1.227589314640436023e+08
-4.233633325342737138e+07
-8.515716496844497323e+07
-5.334775472028931230e+07
-8.114451901288400590e+07
-5.086074551689865440e+07
-3.898013231847111136e+07
-5.545548609933222830e+07
-4.713550505987796187e+07
-3.154216566729323938e+07
-7.807636993547345698e+07
-2.379051878464508057e+07
-6.754202626906698942e+07
-1.361553310363040566e+08
-3.253468343576287851e+07
-5.481369511644569039e+07
-2.555986822591115162e+07
-5.066499130062707514e+07
-9.442752201622726023e+07
-7.848808310969698429e+07
-8.811036610141779482e+07
