3.452420031278174371e+07
3.452420031278174371e+07
3.279507179908712208e+07
1.963507558545685187e+07
3.403367496020403504e+07
3.452420031278174371e+07
3.101214302738462389e+07
3.452420031278174371e+07
3.452420031278174371e+07
3.427561957321720570e+07
2.371469500332126766e+07
3.452420031278174371e+07
3.452420031278174371e+07
3.766036875598663837e+07
3.452420031278174371e+07
3.482646431019510329e+07
2.976754035127444193e+07
3.399030424703671038e+07
3.452420031278174371e+07
3.291156266871888191e+07
3.452420031278174371e+07
3.460358690477108210e+07
3.309751529663569853e+07
3.373287960562909395e+07
2.344768495138911530e+07
3.452420031278174371e+07
3.452420031278174371e+07
3.452420031278174371e+07
3.452420031278174371e+07
3.418214449759425223e+07
3.379506828591042012e+07
3.185522623905568942e+07
3.446433898249870539e+07
3.452420031278174371e+07
3.417507236784474552e+07
3.594483725075720996e+07
3.229283704743034765e+07
3.470211931021287292e+07
3.590995427144453675e+07
3.452420031278174371e+07
3.452420031278174371e+07
3.320028177987692133e+07
3.452420031278174371e+07
3.452420031278174371e+07
2.105130895972619578e+07
3.452420031278174371e+07
3.475439682639721036e+07
3.415887795552660525e+07
3.838123958226281404e+07
3.408504007906261832e+07
1.990241791066994891e+07
4.582137789892213047e+07
3.462296916008635610e+07
3.475699135572887212e+07
3.452420031278174371e+07
3.784743516085958481e+07
3.452420031278174371e+07
3.452420031278174371e+07
3.080411488514186814e+07
3.589522377058580518e+07
2.949854395396711305e+07
3.341201394197447225e+07
3.393859927249953896e+07
3.489045716845265776e+07
2.276217969904389232e+07
3.425486857424014807e+07
3.452420031278174371e+07
3.452420031278174371e+07
2.128835925474616140e+07
2.929072975576103479e+07
5.411013939911386371e+07
9.437857045527853072e+07
3.452420031278174371e+07
2.671620597643022239e+07
3.452420031278174371e+07
3.469765771769743413e+07
3.452420031278174371e+07
3.334224186973926052e+07
3.452420031278174371e+07
3.348565651217720658e+07
3.452420031278174371e+07
3.479847394039926678e+07
3.343095541703883931e+07
3.399618429104093462e+07
3.452420031278174371e+07
3.314164288045800105e+07
2.755182442627986893e+07
3.452420031278174371e+07
3.452420031278174371e+07
1.966919606290739775e+07
2.552299683581422642e+07
3.409254467581330240e+07
3.452420031278174371e+07
1.957944735283388197e+07
3.452420031278174371e+07
3.117136704716738313e+07
2.443480973194170743e+07
3.356168858009251952e+07
3.452420031278174371e+07
3.535531415779783577e+07
