3.693488276041952521e+07
6.190177445800206810e+07
3.469223118740650266e+07
4.444094291428016871e+07
3.292537730863602087e+07
3.664440100606834143e+07
1.861529856170890853e+07
3.309455633429418877e+07
3.382403372480504960e+07
2.058219213047579676e+07
3.320151635094619170e+07
3.433969627530653030e+07
3.299972171625256911e+07
3.378746232315184176e+07
3.659732911165858805e+07
2.137897639073416218e+07
3.393673589111323655e+07
3.259817304914636537e+07
2.486726435416591540e+07
3.366162157190848887e+07
3.442155153552229702e+07
3.595491232479577512e+07
3.327818158286173642e+07
3.722021466118592024e+07
3.758939204623361677e+07
3.569803493268396705e+07
3.671067179751297086e+07
5.392935160600931942e+07
3.376968412998232991e+07
3.494769850134022534e+07
5.417764843567389995e+07
3.433035832774605602e+07
7.865078059890352190e+07
7.258370497484099865e+07
3.361781400393491238e+07
3.346273278930361941e+07
3.724349817265930027e+07
8.186351150569997728e+07
3.400342549393925071e+07
5.348697755091563612e+07
3.477144334234596044e+07
7.545769038094821572e+07
3.798067082595746964e+07
3.465113413409879804e+07
4.866167202290263027e+07
1.032850037750502825e+08
3.517882610892943293e+07
3.393919233336362243e+07
3.513339455554497987e+07
3.523153537598079443e+07
4.253598126967055351e+07
1.067730156098782122e+08
3.336816652175598592e+07
4.517028451353956759e+07
3.467932931865257770e+07
3.298283461109387502e+07
5.400469699896150827e+07
3.959240384864892811e+07
3.476891268406162411e+07
3.642463352617500722e+07
8.125199591033636034e+07
3.376455328314725310e+07
3.447942439361895621e+07
5.596956497270555794e+07
3.645560405102067441e+07
2.134903543679124489e+07
7.600509682428526878e+07
3.335053897236693650e+07
1.393598784582706355e+07
1.785713023285799101e+07
4.946572839127116650e+07
8.444055786439448595e+07
3.430342206571373343e+07
3.563777509905940294e+07
3.503553084691629559e+07
8.139672043572422862e+07
3.799635950265631825e+07
5.425294374652381986e+07
3.427281054521239549e+07
3.549413301128933579e+07
3.454344080263780802e+07
3.367726949097311497e+07
7.850696740816447139e+07
3.529162951037750393e+07
4.005621124435059726e+07
5.501600438744597882e+07
3.538253607067748159e+07
3.629581552758198977e+07
3.656978965385190398e+07
4.501992028385655582e+07
6.405764983266213536e+07
3.441301990799722075e+07
3.359925763946316391e+07
4.323128792657406628e+07
4.479490289433427900e+07
3.620293318666443974e+07
6.208540808879020065e+07
2.037958731017181650e+07
3.299007887694261596e+07
3.377388002034218609e+07
