8.029523610225759447e+07
8.180323193361908197e+07
6.537974275343358517e+07
9.142916471641971171e+07
7.205516331254985929e+07
7.107382263905139267e+07
6.722011448731230199e+07
9.535551282475516200e+07
7.916122423824536800e+07
8.957244661010454595e+07
7.973678842963027954e+07
6.460291706613729149e+07
9.629908725643998384e+07
8.760871552361053228e+07
7.678159042611391842e+07
7.217535091319225729e+07
8.032730436994053423e+07
7.667099781346940994e+07
1.167858161984541416e+08
9.482419985799592733e+07
2.498349411895693094e+07
8.020981934633794427e+07
8.027455544832715392e+07
6.774728595024070144e+07
7.114235783774358034e+07
8.253650570263120532e+07
8.542325869423948228e+07
1.019947145298871845e+08
1.025418953817715645e+08
2.367087292776399851e+07
2.432109456451102719e+07
6.464332605498077720e+07
6.965351424766413867e+07
1.009226438599769473e+08
8.941022642335765064e+07
1.073526978066336811e+08
7.059909187082819641e+07
9.103968103725156188e+07
2.670769214830315486e+07
6.149168784562482685e+07
2.354934048922946304e+07
7.998318787095148861e+07
7.081201980189915001e+07
6.601816415903439373e+07
9.005784916534103453e+07
9.576192739288826287e+07
9.170841826779885590e+07
2.371954973853509128e+07
9.911329790092624724e+07
7.165966259907729924e+07
7.660542572650866210e+07
8.054754807270349562e+07
6.147166647492539883e+07
8.920940448295927048e+07
8.111483340661393106e+07
8.798869646709412336e+07
2.991828749651424214e+07
7.391165749300719798e+07
6.781489954181037843e+07
1.054461366114846617e+08
1.920987622032754123e+08
8.622527926752108335e+07
8.020981934633794427e+07
7.389638987299425900e+07
8.941985957879240811e+07
2.599985017943175137e+07
7.474534352699062228e+07
6.191098913273105770e+07
5.995585169101828337e+07
5.777868874147982150e+07
1.568263388165896833e+08
2.441671229301117361e+08
8.788475614772617817e+07
6.850106511108590662e+07
9.166141152093653381e+07
7.654061741190899909e+07
7.752667645988385379e+07
8.916007769840405881e+07
6.331407003657153249e+07
7.412528564303331077e+07
7.550080190824949741e+07
8.032983572366654873e+07
7.986905330362677574e+07
6.239037659075988829e+07
8.453445351758499444e+07
7.962249143387022614e+07
7.412482006379438937e+07
9.378803194671943784e+07
7.376299039182147384e+07
8.833216228110615909e+07
8.020981934633794427e+07
8.268472934898674488e+07
8.462585930952067673e+07
7.364062088973776996e+07
8.020981934633794427e+07
8.170937804122366011e+07
7.427193315617619455e+07
8.859351863156765699e+07
8.825609505821797252e+07
6.985071992588932812e+07
