1.002084930174766108e+07
1.496728632508498058e+07
7.429439494666419923e+06
8.703733716750599444e+06
7.912347941664854065e+06
7.435439926675810479e+06
2.001628041197886690e+07
7.158901983052294701e+06
6.980131220262216404e+06
7.719466971559735946e+06
7.898736511176491156e+06
7.010532355888074264e+06
7.927884661842909642e+06
1.768910767183974385e+07
7.279019712177314796e+06
1.920350725651817024e+07
8.064793017128502019e+06
1.489584694205291942e+07
7.496110307484434918e+06
7.781465902267998084e+06
7.717504135485619307e+06
7.428698352173496969e+06
1.686029562086699903e+07
7.429439494666419923e+06
7.937458878566317260e+06
6.939428442352455109e+06
7.677214992931648158e+06
2.048980103965533897e+07
6.987375850124413148e+06
2.084117127458035946e+07
7.399524234971534461e+06
7.137267162155510858e+06
7.012241963778738864e+06
7.131456088155051693e+06
7.424596993345002644e+06
1.888097827311142161e+07
1.610388698963168822e+07
7.549687341891556978e+06
7.006943360145472921e+06
7.599548516933625564e+06
6.998201250312470831e+06
7.665964889479017816e+06
1.121744258833919466e+07
1.529473211958451383e+07
9.004879508724495769e+06
4.249083359917835891e+07
6.973885018845084123e+06
6.941625882535342127e+06
6.891232226499397308e+06
7.129335979997380637e+06
8.556032460485005751e+06
2.579083734369217232e+07
1.770786360200057551e+07
1.849357503334072232e+07
1.172879710900754109e+07
7.498546665592251346e+06
1.665620301568694785e+07
1.643252417091523856e+07
8.508391467851176858e+06
1.835631418007424101e+07
5.479992088725188375e+07
7.716715587964203209e+06
7.424383136143080890e+06
7.131294089853856713e+06
8.462032945121830329e+06
7.156439895322160795e+06
7.052910679699053988e+06
2.001745140781639516e+07
8.206551576955633238e+06
1.325182376001965068e+07
2.746135358201107383e+07
8.914337943420417607e+06
7.977233384906922467e+06
1.532174881662647985e+07
1.597176648279647529e+07
1.721612841893203184e+07
7.742422361939583905e+06
6.905740541385318153e+06
6.853576751329972409e+06
6.990655308676118031e+06
7.431077938029422425e+06
7.710584358210362494e+06
8.142339030397539027e+06
7.139993577044502832e+06
1.004873122738622501e+07
1.693123776542834565e+07
7.339246760329184122e+06
7.258551704366756603e+06
7.260069812002418563e+06
8.875444642162149772e+06
7.529411455291716382e+06
1.841089560011409596e+07
1.719109731220685318e+07
9.885574699046088383e+06
9.404759133709920570e+06
6.998237143388343044e+06
8.189845248656458221e+06
6.993547418081154115e+06
7.732106251365044154e+06
6.993218770119304769e+06
