4.141805433407499455e+06
3.166705728223518003e+06
3.289853058843164239e+06
4.507384286847644486e+06
1.645151479398454912e+07
3.509881457526213489e+06
3.384685439023976214e+06
1.964068699128960818e+07
3.389514786593491212e+06
3.184839826178261079e+06
1.295506462852205709e+07
3.184873047812154517e+06
3.280219461074640974e+06
3.280219461074640974e+06
1.863701239509782195e+07
3.172513773371915799e+06
3.280277184665373992e+06
1.668683229931752570e+07
3.467494827949984930e+06
1.799258948084888235e+07
3.259166446721219458e+06
3.177653288199324626e+06
3.289925338930963073e+06
1.809573409827318415e+07
4.045556565864779055e+06
3.454759639344778378e+06
3.183263595387297217e+06
3.196991447254136670e+06
1.775922785588376597e+07
1.812365336973665655e+07
3.282312219274320640e+06
3.322632574486183003e+06
1.750131487922000140e+07
3.205321101954014506e+06
3.182578039584748913e+06
3.255783287432718091e+06
3.277873164796447381e+06
3.157545350710802712e+06
3.242533793675547466e+06
3.530285014429742005e+06
3.357297260525458027e+06
1.660788415492663346e+07
3.646082648984713014e+06
1.776293402890523151e+07
4.572842451733368449e+06
3.280219461074640974e+06
3.197265545355093200e+06
3.228687101625187788e+06
3.227447426884186920e+06
1.784510417743835971e+07
1.152105934469535388e+07
3.307070640423828270e+06
3.193858490037932526e+06
3.162811681059458759e+06
3.280219461074640974e+06
3.385442543552165385e+06
4.008084008818726987e+06
3.317411331078034826e+06
3.366176300861000083e+06
3.232069314017769415e+06
5.536176231988353282e+07
3.293977598890582565e+06
1.767459855514920503e+07
3.262841997897692025e+06
4.032361794794681016e+06
3.421911076083640568e+06
3.227720738727263641e+06
1.707950756278325990e+07
4.232876939539973624e+06
3.390969261429346167e+06
3.280219461074640974e+06
5.091007490986766294e+06
3.206033087786867749e+06
3.978963172297745477e+06
1.843540836854171753e+07
3.173540755135709420e+06
3.776577424047146924e+06
3.308181230378803797e+06
3.175036443702850956e+06
3.299228172350698151e+06
1.843233949291375279e+07
3.280219461074640974e+06
3.287434899168591946e+06
1.795880231469098479e+07
1.172146299108782969e+07
1.838353083549964055e+07
1.477863400775832683e+07
3.280219461074640974e+06
1.578646827811145410e+07
4.462451710108361207e+06
1.377742895761194825e+07
1.783512972809235752e+07
3.201197800386948045e+06
1.143744595800090209e+07
1.113020149721335620e+07
3.401944122486644424e+06
3.674997500110846013e+06
1.778511628086654097e+07
3.280219461074640974e+06
1.907994107547556609e+07
