4.139838317125926167e+07
3.965538800270247459e+07
4.002921831850481778e+07
3.366433014919956028e+07
4.139838317125926167e+07
3.998943623119229823e+07
4.139838317125926167e+07
4.139838317125926167e+07
4.068054717439366132e+07
4.139838317125926167e+07
3.446712853784765303e+07
4.073295346399722993e+07
4.113233710121640563e+07
4.393375607792925090e+07
4.159240271578375250e+07
4.139838317125926167e+07
3.781925105822629482e+07
4.139838317125926167e+07
4.737205495554909110e+07
4.139838317125926167e+07
4.197497812216942757e+07
4.145056806704493612e+07
4.139838317125926167e+07
4.139838317125926167e+07
3.432512937186817080e+07
4.139838317125926167e+07
4.139838317125926167e+07
4.056726071670341492e+07
4.139838317125926167e+07
4.110028111649964750e+07
4.139838317125926167e+07
3.929847183134535700e+07
4.139838317125926167e+07
4.139838317125926167e+07
4.139838317125926167e+07
4.253762220871220529e+07
3.966326861264731735e+07
4.147157511419983953e+07
4.247969545974767953e+07
3.615596319817264378e+07
4.139838317125926167e+07
4.139838317125926167e+07
4.139838317125926167e+07
4.139838317125926167e+07
4.139838317125926167e+07
9.082397805996459723e+07
4.139838317125926167e+07
4.139838317125926167e+07
4.139838317125926167e+07
4.139838317125926167e+07
4.139838317125926167e+07
5.104020405648610741e+07
4.167929493313230574e+07
4.139838317125926167e+07
3.541842062434146553e+07
4.408461569820807129e+07
4.726010653841555864e+07
4.139838317125926167e+07
4.139838317125926167e+07
4.245949665157984197e+07
1.459496378740378618e+08
4.050491531571654230e+07
4.090393181135459244e+07
4.166393822079686821e+07
4.139838317125926167e+07
4.111373668644266576e+07
3.930230634513722360e+07
4.029400072333684564e+07
4.139838317125926167e+07
3.753097597185667604e+07
5.958511284082920104e+07
9.816055664174254239e+07
4.031604147505055368e+07
4.139838317125926167e+07
4.139838317125926167e+07
4.139838317125926167e+07
3.480724526716051996e+07
4.048112305873218924e+07
4.139838317125926167e+07
4.139838317125926167e+07
4.186958680629902333e+07
4.161223251016061008e+07
4.139838317125926167e+07
4.139838317125926167e+07
4.139838317125926167e+07
4.059311668470087647e+07
3.642913785942605138e+07
3.644007146707835793e+07
4.139838317125926167e+07
3.381502151423741877e+07
4.139838317125926167e+07
4.104067817915640026e+07
4.034879184039274603e+07
4.139838317125926167e+07
4.139838317125926167e+07
4.139838317125926167e+07
3.478422523295506090e+07
4.139838317125926167e+07
4.043391219809211046e+07
4.207394277140837908e+07
