6.367472897723903507e+07
1.096671520430431068e+08
1.168358118315510005e+08
6.092000458205628395e+07
1.158644262829153389e+08
1.168358118315510005e+08
1.026666177201550603e+08
1.255814603314514905e+08
1.133171977628042251e+08
1.158827128540910631e+08
1.168358118315510005e+08
1.168358118315510005e+08
1.168358118315510005e+08
1.290941033380779773e+08
1.178677567768246830e+08
1.181684549485256374e+08
1.168358118315510005e+08
1.168358118315510005e+08
1.398812056573064625e+08
1.130701479980162233e+08
1.198883543349391818e+08
1.172617484785452336e+08
1.114555216336778402e+08
1.137354512751441896e+08
7.423745656982269883e+07
9.469869018015471101e+07
1.229532504149870723e+08
1.128456970344322175e+08
1.143902120650098920e+08
1.168358118315510005e+08
1.168358118315510005e+08
1.064899393442879021e+08
1.169829745989444107e+08
1.190944387122284174e+08
1.158143489492172152e+08
1.225195210367942303e+08
1.168358118315510005e+08
1.178107445404710323e+08
1.224997470223625898e+08
8.854479375968657434e+07
1.168358118315510005e+08
1.168358118315510005e+08
7.809427145707026124e+07
1.127776902515664101e+08
6.427725302273932099e+07
1.168358118315510005e+08
1.170744147941267192e+08
1.157157813785261661e+08
1.168358118315510005e+08
1.153202657195841372e+08
6.174514695581911504e+07
1.626122309141350985e+08
1.168358118315510005e+08
1.183238151924637407e+08
8.300866493520365655e+07
1.303374655100824386e+08
1.250810779429577738e+08
1.168358118315510005e+08
1.168358118315510005e+08
1.168358118315510005e+08
9.953131336730438471e+07
1.125148608481120020e+08
1.146763467806254178e+08
1.184067858374613822e+08
1.168358118315510005e+08
1.162916171597068608e+08
1.063995100205623060e+08
1.168358118315510005e+08
1.168358118315510005e+08
9.623177459272813797e+07
1.884399909939566851e+08
3.407111541692689061e+08
1.168358118315510005e+08
8.636329662158541381e+07
1.168358118315510005e+08
1.168358118315510005e+08
1.168358118315510005e+08
1.121207308344383836e+08
1.174945718686130047e+08
1.129724122523840964e+08
1.168358118315510005e+08
1.168358118315510005e+08
1.129164110321032554e+08
1.147619356339630336e+08
1.168358118315510005e+08
1.135024647144731432e+08
1.168358118315510005e+08
8.955600546162196994e+07
9.689853387554419041e+07
6.093470533207529038e+07
8.185975475429636240e+07
1.152052252536432892e+08
1.168358118315510005e+08
1.168358118315510005e+08
5.666693960060366988e+07
1.051812154769222587e+08
1.168358118315510005e+08
1.168358118315510005e+08
1.127321487165490985e+08
1.168358118315510005e+08
