4.591015154703642428e+07
7.433226521486547589e+07
7.470981105343008041e+07
4.428866407493865490e+07
7.815153786569938064e+07
7.397693552480676770e+07
7.825906159735682607e+07
8.387217933154876530e+07
7.825906159735682607e+07
7.774137504347114265e+07
5.263437144637519866e+07
7.680759452401003242e+07
7.852527787346649170e+07
7.825906159735682607e+07
7.894079442170773447e+07
7.927337223351675272e+07
6.722101858364252746e+07
7.809030539351977408e+07
8.725145669742500782e+07
7.825906159735682607e+07
7.825906159735682607e+07
7.825906159735682607e+07
7.825906159735682607e+07
7.641954619828188419e+07
5.214726822528318316e+07
6.472444804823755473e+07
8.229461568132801354e+07
7.591713864184093475e+07
7.825906159735682607e+07
7.825906159735682607e+07
7.825906159735682607e+07
7.215044074947276711e+07
7.858800814256912470e+07
7.998944538625472784e+07
7.787502930857586861e+07
8.179453502352444828e+07
7.825906159735682607e+07
7.825906159735682607e+07
8.204785460069413483e+07
6.104855746197175235e+07
7.532090693670935929e+07
7.825906159735682607e+07
5.436534716444213688e+07
7.585991074773828685e+07
4.437210919300747663e+07
1.237770372141247392e+08
7.825906159735682607e+07
7.770147928561292589e+07
7.825906159735682607e+07
7.755109016207003593e+07
4.465914901967023313e+07
1.068665192845049948e+08
8.157778920203495026e+07
7.825906159735682607e+07
5.743569835920281708e+07
8.707379828825698793e+07
7.825906159735682607e+07
7.314838544104692340e+07
7.825906159735682607e+07
8.232297726030337811e+07
1.422313656521698534e+08
7.573043320813575387e+07
7.825906159735682607e+07
7.941584987627702951e+07
5.079861493526734412e+07
7.850696628951111436e+07
7.825906159735682607e+07
7.522897860221171379e+07
4.740463850203711540e+07
6.552562690333510190e+07
1.064882248859340101e+08
1.566318813998214304e+08
7.510918644912694395e+07
5.947964547192036361e+07
7.825906159735682607e+07
7.894061338903424144e+07
5.461890004134181142e+07
7.530671516059623659e+07
7.825906159735682607e+07
7.825906159735682607e+07
7.992536017701682448e+07
7.919008347168013453e+07
7.825906159735682607e+07
7.825906159735682607e+07
7.825906159735682607e+07
7.564932923234479129e+07
6.134606811098393798e+07
6.137005104626039416e+07
6.582240499488743395e+07
4.415102873649577796e+07
5.671541245113457739e+07
7.825906159735682607e+07
7.526548942138059437e+07
4.396714969919572771e+07
7.825906159735682607e+07
7.825906159735682607e+07
7.825906159735682607e+07
7.605794192750929296e+07
7.625921379155002534e+07
7.825906159735682607e+07
