Final chi2:   chi2 49791768064068.86
xrd_peaks [ 2062014.37874672  7747040.0808977    245763.73317897  7005770.30432176
  3587565.61041985  9649555.9854725  10113043.87237343  7240111.51873849
   730088.07230288  2054579.07941788  8657893.0501548   5232003.30654933]
nmr_peaks [  882693.2  9378411.    713669.4  5851962.   1214970.   8716287.
 11242700.   8025396.    826838.4  5647716.   4936195.   2227779. ]
difference [-133.60487865   17.39496082   65.56336405  -19.71660623 -195.28018062
  -10.70718513   10.04790778    9.78499355   11.70123784   63.6210624
  -75.39609051 -134.85288741]
OPTIMIZED PARAMETERS: 
[17.00056836 27.09880469  0.84440032  0.48533345 -0.64684809 -0.28424375
  0.68326955]
R2: 0.7031124286024354
aveErr%: 14.875593999332613

Final chi2:   chi2 29927567394040.223
xrd_peaks [ 1960455.56181928  7825647.8073889   1821590.40414208  5992963.71175238
  3421145.32374585  9976012.34650171 10391895.08593431  7591313.25269109
   848607.1130313   2571992.0970869   7056028.32236646  4173773.00295968]
nmr_peaks [  882693.2  9378411.    713669.4  5851962.   1214970.   8716287.
 11242700.   8025396.    826838.4  5647716.   4936195.   2227779. ]
difference [-122.09931625   16.55678337 -155.24289036   -2.40947757 -181.58269947
  -14.45254552    7.56762089    5.4088639    -2.63276512   54.45960638
  -42.94468355  -87.35130383]
OPTIMIZED PARAMETERS: 
[ 1.26945079e-02  2.16184646e+01  8.86942139e-01 -5.08253958e-01
 -6.67914442e-01 -1.90387903e+00  7.53315011e-01]
R2: 0.8190979094932761
aveErr%: 11.70652700805674

Final chi2:   chi2 31374308557550.344
xrd_peaks [ 1958862.88364586  7827451.94871106   232982.71076435  6234046.44570049
  3417670.78499513  9965715.50279523 10392998.08095944  7584076.99092109
   826844.65052031  2506315.3446482   7338096.96382741  4341163.93933067]
nmr_peaks [  882693.2  9378411.    713669.4  5851962.   1214970.   8716287.
 11242700.   8025396.    826838.4  5647716.   4936195.   2227779. ]
difference [-1.21918882e+02  1.65375462e+01  6.73542524e+01 -6.52916826e+00
 -1.81296722e+02 -1.43344122e+01  7.55781013e+00  5.49903094e+00
 -7.55954284e-04  5.56224969e+01 -4.86589765e+01 -9.48651073e+01]
OPTIMIZED PARAMETERS: 
[ 1.26970120e-02  2.16191475e+01  8.86906138e-01 -5.08336708e-01
 -6.67970409e-01 -2.49906432e-01  7.53467021e-01]
R2: 0.8054044201714711
aveErr%: 11.777823161407644


Final chi2:   chi2 44012262585129.92
xrd_peaks [ 1455291.06675133  8127504.88796473   558219.49909812  4113943.45086226
  2491143.3262511  10809986.14887232 10415822.04904465  8093056.97794359
   554415.4219948   2493293.90089174  8591039.81276123  5226407.30577015]
nmr_peaks [  882693.2  9378411.    713669.4  5851962.   1214970.   8716287.
 11242700.   8025396.    826838.4  5647716.   4936195.   2227779. ]
difference [ -64.86940952   13.33814558   21.78178032   29.69975795 -105.03743518
  -24.02053935    7.35479868   -0.84308585   32.94754791   55.85305811
  -74.04174294 -134.60169549]
OPTIMIZED PARAMETERS: 
[ 4.90944988 -4.54611718  3.57770888  2.09004746  2.79169961 -3.60225704
  1.71323755]
R2: 0.7465663371083678
aveErr%: 13.38772568606993

Final chi2:   chi2 47320787950567.11
xrd_peaks [ 1843024.84727817  7772892.35263621   342524.50810536  9106426.57129491
  3265623.1998686   9984050.94294373 10764198.83310769  7803168.12221237
   755829.45900193  2394763.18278555  8195904.46584955  4633682.1805457 ]
nmr_peaks [  882693.2  9378411.    713669.4  5851962.   1214970.   8716287.
 11242700.   8025396.    826838.4  5647716.   4936195.   2227779. ]
difference [-108.79563219   17.11930355   52.00515699  -55.61322119 -168.7822086
  -14.54477053    4.25610545    2.7690581     8.58800716   57.59766988
  -66.03688602 -107.99559474]
OPTIMIZED PARAMETERS: 
[48.60002844 16.85381385  1.5895456   0.89709432 -1.14782038  0.72034547
  1.7661358 ]
R2: 0.7443706012593374
aveErr%: 14.231590535733957

Final chi2:   chi2 54087849341630.67
xrd_peaks [ 1461542.08742589  7587529.78215302   534311.03590664  9450644.71337867
  2746078.56662543 10038181.40977732 11005826.82968121  7749535.53430106
   617995.50654227  2338024.47746732  8908246.55454959  4789822.72077441]
nmr_peaks [  882693.2  9378411.    713669.4  5851962.   1214970.   8716287.
 11242700.   8025396.    826838.4  5647716.   4936195.   2227779. ]
difference [ -65.57758544   19.09578518   25.13185574  -61.49531923 -126.02027759
  -15.1657972     2.10690644    3.43734397   25.25800609   58.60230087
  -80.46788173 -115.0043932 ]
OPTIMIZED PARAMETERS: 
[ 0.6963295   6.53797174  2.5857446  -1.37620773 -1.78263882  2.23560181
  2.74318334]
R2: 0.7225302258918934
aveErr%: 14.502845910738964

Final chi2:   chi2 128031165011864.34
xrd_peaks [ 1649421.72040828  7776729.22206605   218010.87487932 13567653.86595017
  2989137.45281431 10081332.37268845 10904102.19542051  7800037.52510134
   567108.509927    1978011.23342956 10651055.93672049  5933186.85542394]
nmr_peaks [  882693.2  9378411.    713669.4  5851962.   1214970.   8716287.
 11242700.   8025396.    826838.4  5647716.   4936195.   2227779. ]
difference [ -86.86240252   17.07839183   69.45211958 -131.84794888 -146.02561815
  -15.66085849    3.01171253    2.80806673   31.41241264   64.97679357
 -115.77461864 -166.32744341]
OPTIMIZED PARAMETERS: 
[-23.63408611  11.53787729   1.84384701  -1.01744445  -1.31501876
  -0.70882149   2.34875098]
R2: 0.5330194224532537
aveErr%: 20.4819076995012

inal chi2:   chi2 130866216482176.58
xrd_peaks [ 1553920.95597326  7719462.96685033   628186.73626451 12539712.4097135
  2882947.7035603  10069626.88897182 11063022.02699536  7778435.00305598
   505365.27664225  1825254.87611539 11732770.84795388  6388944.54878347]
nmr_peaks [  882693.2  9378411.    713669.4  5851962.   1214970.   8716287.
 11242700.   8025396.    826838.4  5647716.   4936195.   2227779. ]
difference [ -76.04315474   17.68900972   11.97790794 -114.28219134 -137.28550528
  -15.52656411    1.59817458    3.07724375   38.87980086   67.6815393
 -137.68856068 -186.7853835 ]
OPTIMIZED PARAMETERS: 
[28.36016963  8.96076259  2.41860547  1.30363854  1.6876343   3.0064113
  2.58494924]
R2: 0.5225176117143902
aveErr%: 20.497034423101514

Final chi2:   chi2 134406672300654.42
xrd_peaks [ 1692932.31564775  7607039.36689304   779908.45624288 11979344.28377466
  3073352.04615485  9741650.72206732 10759985.94443875  7590246.47906876
   479697.3232393   1573022.68945403 12111586.14947582  6691637.52624175]
nmr_peaks [  882693.2  9378411.    713669.4  5851962.   1214970.   8716287.
 11242700.   8025396.    826838.4  5647716.   4936195.   2227779. ]
difference [ -91.79170245   18.88775863   -9.2814763  -104.70646056 -152.95703154
  -11.76376733    4.29357766    5.42215638   41.98415032   72.14763119
 -145.36279765 -200.372592  ]
OPTIMIZED PARAMETERS: 
[193.2642401   14.0105024   -3.17745407   1.75027611   2.24638009
  -5.16601444   3.14276064]
R2: 0.48807120873124404
aveErr%: 21.227052143843817

SUM EXP(-(y_calc_i-y_exp_i)**2/(2*sigma_i**2))