6	0.73
6	0.73
11	0.34
12	0.93
16	0.84
17	-0.27
17	-0.27
18	-0.13
18	-0.13
19	0.02
19	0.02
24	-1.37
26	-0.34
31	0.86
33	0.85
36	0.87
36	0.87
40	0.81
40	0.81
44	0.52
44	0.52
50	0.10
54	0.23
54	0.23
57	-0.85
61	0.99
71	-0.44
72	1.00
77	-1.28
79	0.27
79	0.27
80	0.47
80	0.47
85	0.52
85	0.52
89	0.57
90	-1.58
92	0.18
92	0.18
93	0.63
100	0.44
102	-2.63
103	0.75
104	0.59
107	0.84
107	0.84
108	-1.07
112	0.44
114	0.22
115	0.24
115	0.24
118	0.05
118	0.05
123	0.74
123	0.74
127	0.72
130	0.96
130	0.96
133	0.98
137	0.01
137	0.01
138	0.32
138	0.32
141	0.84
142	-0.67
142	-0.67
147	0.26
149	0.22
149	0.22
151	-0.16
152	-0.77
156	-2.31
156	-2.31
157	0.82
158	0.67
158	0.67
159	0.81
159	0.81
160	0.72
161	0.47
163	0.68
163	0.68
169	0.99
176	-1.97
176	-1.97
177	0.94
177	0.94
180	0.78
183	-1.13
194	-5.26
197	0.56
197	0.56
199	-0.21
199	-0.21
201	0.26
202	0.41
203	0.93
203	0.93
208	0.09
208	0.09
212	0.95
212	0.95
218	0.54
218	0.54
219	0.57
220	0.63
220	0.63
223	0.01
223	0.01
227	0.38
227	0.38
229	0.07
229	0.07
235	0.70
235	0.70
236	-2.48
241	0.95
242	0.67
242	0.67
246	0.51
246	0.51
247	0.44
