152	0.59
108	0.42
218	0.25
218	0.25
192	4.38
18	0.41
18	0.41
149	0.46
149	0.46
90	0.68
118	0.76
118	0.76
79	0.41
79	0.41
44	0.79
44	0.79
92	0.79
92	0.79
17	0.41
17	0.41
19	0.30
19	0.30
138	0.20
138	0.20
77	0.50
80	0.43
163	0.28
163	0.28
80	0.43
2	4.38
220	0.25
219	1.05
142	0.66
142	0.66
133	0.96
26	0.24
141	0.96
180	1.51
11	0.73
202	0.54
123	0.81
123	0.81
197	0.74
146	4.38
5	4.38
158	0.25
31	1.05
158	0.25
236	0.54
199	0.13
199	0.13
72	0.27
93	0.87
144	0.00
6	0.48
6	0.48
144	0.00
157	0.73
85	0.00
85	0.00
137	0.74
137	0.74
54	4.64
54	4.64
177	0.86
177	0.86
89	0.82
220	0.25
147	0.31
57	0.59
197	0.74
115	0.51
115	0.51
24	0.73
