Sampling = 1
[[9.3695842435098242e-01 1.2395969264031464e-03 3.0749371361420987e-04
  9.2224645244195613e-03]
 [1.2395969264031460e-03 8.0254278122443157e-01 8.1886910886182954e-02
  6.1457585725963895e-02]
 [3.0749371361420971e-04 8.1886910886182940e-02 8.4856959888441186e-01
  1.6523841684309089e-02]
 [9.2224645244195578e-03 6.1457585725963881e-02 1.6523841684309093e-02
  8.6023182615025695e-01]
  
 Sampling = 32
[[9.3695842435098242e-01 1.2395969264031464e-03 3.0749371361420987e-04
  9.2224645244195613e-03]
 [1.2395969264031460e-03 8.0254278122443157e-01 8.1886910886182954e-02
  6.1457585725963895e-02]
 [3.0749371361420971e-04 8.1886910886182940e-02 8.4856959888441186e-01
  1.6523841684309089e-02]
 [9.2224645244195578e-03 6.1457585725963881e-02 1.6523841684309093e-02
  8.6023182615025695e-01]]
 
 Sampling = 256
[[9.3695842435098209e-01 1.2395969264031464e-03 3.0749371361420998e-04
  9.2224645244195595e-03]
 [1.2395969264031455e-03 8.0254278122443157e-01 8.1886910886182968e-02
  6.1457585725963909e-02]
 [3.0749371361420976e-04 8.1886910886182912e-02 8.4856959888441186e-01
  1.6523841684309089e-02]
 [9.2224645244195578e-03 6.1457585725963854e-02 1.6523841684309093e-02
  8.6023182615025684e-01]]
  
  Sampling = 1024