5.519964572419596607e+02
6.226610352341979251e+02
5.951727725507327023e+02
6.043782895987365009e+02
5.894767239701658355e+02
5.745426414427247437e+02
6.203739217633587941e+02
6.339768864285042582e+02
5.951727725358333601e+02
5.744226874778292995e+02
6.308759636977414402e+02
5.823741643236143091e+02
6.203017934394661097e+02
5.804530503147742593e+02
5.865072336815135259e+02
5.886497801397891863e+02
5.951727725488700571e+02
6.252899403201394080e+02
6.240816603865259822e+02
5.809077373421933999e+02
5.559805818179555672e+02
6.265308367414089616e+02
5.951727725507327023e+02
5.607800092995862542e+02
6.191134696823988861e+02
7.054572260265081241e+02
5.738289203851512639e+02
5.487107017611779156e+02
5.729063755376042764e+02
5.950355330270040213e+02
5.951727727891512814e+02
5.687217050826536706e+02
6.281635650343007455e+02
6.236835711887819116e+02
5.951727725507327023e+02
5.869061277187367978e+02
5.579807042574082061e+02
5.599074823787083233e+02
6.248427111879015001e+02
5.734414904794357426e+02
5.842212058015142020e+02
6.196861547194347395e+02
7.191727725509655329e+02
5.983570397760064452e+02
5.685368180937356328e+02
5.512883541284711555e+02
5.967756829213831224e+02
5.951727725507327023e+02
5.582454099974120254e+02
6.040990246288173466e+02
5.951727725507327023e+02
5.951727725507327023e+02
5.951727725507327023e+02
6.030844000844965649e+02
5.951727727891512814e+02
5.929319427775399163e+02
5.738289203851512639e+02
6.207821744878222034e+02
5.643240884849046779e+02
6.306364397504182762e+02
5.591566165231737386e+02
5.980926980845514436e+02
5.531542479096049192e+02
5.879765778481533971e+02
5.789546637541910741e+02
5.618922928614451848e+02
5.983568537670105343e+02
6.193433236452939354e+02
6.029693392078510215e+02
6.274984009588138179e+02
6.264394355567809498e+02
6.216622266983388272e+02
5.826208771041474392e+02
5.475614433286988287e+02
5.839124813023419165e+02
5.774074656951180486e+02
6.085168405646196561e+02
5.590360201665979503e+02
6.012248659219081901e+02
7.191727725509655329e+02
5.563982139121065984e+02
5.754284886711125182e+02
5.682758724539239665e+02
6.050940138029759510e+02
6.137217304072289608e+02
5.951727725507327023e+02
6.256106495466659680e+02
6.287368732747825106e+02
6.210967735859292134e+02
6.176889841765688516e+02
5.951728946210452023e+02
5.762892920057186075e+02
5.883535251098260233e+02
6.299716643660091222e+02
6.247352235190721785e+02
6.306011741448811563e+02
5.951704023423473018e+02
6.254047935274746806e+02
5.588647081560739025e+02
6.042524935875438814e+02
6.170555941953344927e+02
5.627988992715072527e+02
5.970360954695443070e+02
6.194631627135627241e+02
6.124368023611943954e+02
7.166514672917278403e+02
5.951727725507327023e+02
6.270227459942390169e+02
5.743073862621107537e+02
5.951727725507331570e+02
6.203232326724844370e+02
6.236394927043528469e+02
5.951727725507327023e+02
6.196408036860005950e+02
5.951727725507327023e+02
5.601559184131235725e+02
6.184069307438678607e+02
5.983570718945071576e+02
5.720850913088107745e+02
5.719468770743507093e+02
5.721097213105467745e+02
5.980962945417223864e+02
5.951732608319827023e+02
6.246919295404554759e+02
5.827323488548926207e+02
5.951727725507327023e+02
5.587513230020790616e+02
5.826263710390651340e+02
5.453158389576811942e+02
5.692225394552524449e+02
5.924103755669493694e+02
5.951732608319827023e+02
5.837143691120601261e+02
6.239734417115242877e+02
5.648462654079972936e+02
5.842202660420143729e+02
6.125553652409824963e+02
5.990710791656141510e+02
6.030128962132147308e+02
5.951727725507327023e+02
6.128038626786538998e+02
5.924114693202088802e+02
5.987932142273887166e+02
5.151729353112657463e+02
6.265114758957168988e+02
5.680311209486311554e+02
6.290731078927846056e+02
5.714121876274995202e+02
6.184048693877377900e+02
7.177927814631854062e+02
5.872066975656197201e+02
5.959719864074643283e+02
5.614355488526140334e+02
5.896003309414188607e+02
5.951732608310513797e+02
6.200277939021555085e+02
5.951727725507327023e+02
6.243911125874956269e+02
5.647860334510867233e+02
5.951727668286868038e+02
6.271630693447347085e+02
5.619827545770789357e+02
5.951727725507327023e+02
6.111410822154383595e+02
6.249759221885565239e+02
6.120052743758042197e+02
5.496725042556302014e+02
5.723404245355085322e+02
5.481819770642549656e+02
6.027898833469265583e+02
6.209347445884234276e+02
6.171913490816755257e+02
5.562120945102892620e+02
6.275649506500458301e+02
6.241829169873756200e+02
6.255944934087074216e+02
5.951727725507327023e+02
5.951727725507327023e+02
5.752443926981839013e+02
5.702167637807746132e+02
5.865367204718431822e+02
6.110181369375311533e+02
5.575833292347706447e+02
6.181120643214122765e+02
5.714521781460742886e+02
6.170470677711931557e+02
6.177099423196932548e+02
5.951727725772236681e+02
6.182343720172566464e+02
5.945284400856179445e+02
5.859656216392099850e+02
6.112054708826093474e+02
6.115201009038069060e+02
5.689308157590138535e+02
5.911046678883254799e+02
6.268746484554568497e+02
6.156466213926743194e+02
5.716706722436247219e+02
6.120370818114184885e+02
5.826499354648540248e+02
5.630918759298757550e+02
5.951727725507327023e+02
5.951727725507327023e+02
6.166112464665735615e+02
6.318686915826152699e+02
5.951727725507327023e+02
6.362532025486812017e+02
5.951727725507327023e+02
5.564527614155557558e+02
5.728497523204445088e+02
5.951727725507327023e+02
6.254654442744396192e+02
5.758516524018988321e+02
6.235309648184966136e+02
7.162923097649866122e+02
6.254560395150778049e+02
5.504654578418268329e+02
5.910161195318966065e+02
5.809501201673834885e+02
5.710286455680574136e+02
6.179340072002415809e+02
6.020943574118897459e+02
5.797118447267342844e+02
5.653020034214433736e+02
5.884061977621862525e+02
5.751204412417821459e+02
5.311727726103373470e+02
6.266403634500885573e+02
5.825996441573311131e+02
5.430938923460378192e+02
5.945359483739662210e+02
5.665905704848682944e+02
5.951727725507327023e+02
5.826019079550565039e+02
6.189078801467421727e+02
6.233453873770469045e+02
6.190734618009958012e+02
5.446898180052781981e+02
5.951727725507329296e+02
5.980926980845514436e+02
5.951727725507327023e+02
6.085168405646196561e+02
6.214612206171840398e+02
5.970778661384559882e+02
5.710536460867202777e+02
5.897768646151722578e+02
6.191477605030580662e+02
5.747810126609352892e+02
5.901382211956171204e+02
5.851100858634018778e+02
5.573178476897595601e+02
5.993038315429228078e+02
5.951727725507327023e+02
5.850416027260442888e+02
5.951728946210452023e+02
5.714400492873085113e+02
5.567761680317225910e+02
5.951727725507327023e+02
5.995284508256887648e+02
5.818262165262390226e+02
5.680487918752894529e+02
5.951727723719187679e+02
5.702455581267470279e+02
6.223573833901432408e+02
5.951727725507327023e+02
6.213587994056109665e+02
5.534826388874726035e+02
5.850336193143883747e+02
5.967991093873648651e+02
5.951727725507327023e+02
6.262550531536566041e+02
6.195142133761767127e+02
6.227110252989415358e+02
6.177146421526491622e+02
5.902446294090592573e+02
6.057707660459324188e+02
6.045357592392560946e+02
6.238228829607988928e+02
5.752524127289889293e+02
5.908053930485325509e+02
5.579138717310742095e+02
5.702938726708800914e+02
5.659940953462509015e+02
5.951727725507327023e+02
5.951732608338453474e+02
6.217106522315383472e+02
5.647103574748913388e+02
5.671055320205327916e+02
6.545061058840659598e+02
5.566730402528160084e+02
6.094353628571388981e+02
5.776594613439194745e+02
5.607562686442032600e+02
5.551713033783806850e+02
5.897766965653166835e+02
5.987932142273887166e+02
6.271727725507327023e+02
5.903788230727228665e+02
6.483843529171718956e+02
6.190254643524407356e+02
6.110771584302910924e+02
6.835537250508943998e+02
5.951727725507327023e+02
6.216157078368649991e+02
5.446898180052781981e+02
6.252931919619743439e+02
5.321757022391640248e+02
5.816351533632057453e+02
5.837093319547280998e+02
6.224497653043714536e+02
5.975011278154534011e+02
6.247085027223617999e+02
6.029058580725728689e+02
6.215525374487887120e+02
5.897764837461224943e+02
5.955501347653031416e+02
5.571277601639343402e+02
5.831367878798562288e+02
6.022285009487494563e+02
5.630580099310749347e+02
5.951727725507327023e+02
5.849813769052926773e+02
5.747101464630065948e+02
5.951727725507327023e+02
5.864075008072035189e+02
5.951727725507327023e+02
5.751422271816619514e+02
5.951727725507327023e+02
6.223037696195802937e+02
6.133959868365052444e+02
5.951708194605021163e+02
6.164776999303837783e+02
5.311727725507327023e+02
6.693394041506523990e+02
6.111753036691922034e+02
5.951727725507327023e+02
5.951727725507327023e+02
5.951727725507327023e+02
5.980903479261032771e+02
5.951727725507327023e+02
5.873329104734164048e+02
6.032163190411248479e+02
6.345549564555489042e+02
5.911824873098704529e+02
5.533749295367694003e+02
5.712711639471971239e+02
6.303713984124029821e+02
5.660471453863787019e+02
5.951727725507327023e+02
5.951732608319827023e+02
6.194375436321007555e+02
5.736625052812074728e+02
5.687217050826536706e+02
5.951727759415747414e+02
6.255703406590500890e+02
5.951727725504271120e+02
5.673274781475194004e+02
6.219485579728509492e+02
5.705224845375989844e+02
5.765044884924122925e+02
5.951727725507327023e+02
5.955657413007327250e+02
5.705120220903868358e+02
6.269275920692454065e+02
5.736181334537690191e+02
5.748764113865157697e+02
6.241415445652332892e+02
6.275153311661630369e+02
5.788776066543169918e+02
5.887155410317003543e+02
6.033394392248499116e+02
5.945339345560818174e+02
5.748563943301512609e+02
5.951727725507327023e+02
6.179851898138530260e+02
5.971727725508491176e+02
5.645213684898017164e+02
5.951727725507327023e+02
5.879444133491754201e+02
5.883001401657379574e+02
6.139293054670060883e+02
6.264915131962779924e+02
6.254788128912971388e+02
5.755352351464244975e+02
5.870406482590404948e+02
5.951727725507327023e+02
5.560991955590383213e+02
5.983573053046401355e+02
5.896305542217886568e+02
5.640651886557208172e+02
6.250671762224430950e+02
5.951727725507327023e+02
5.951727725507327023e+02
6.234849816709910328e+02
5.951727725507327023e+02
5.621635226592045456e+02
5.630422793970388966e+02
6.069489825589305383e+02
5.599685344273515284e+02
5.643572311256752982e+02
5.863884762472624743e+02
6.255703406590500890e+02
5.311727725805350246e+02
5.566611395476027155e+02
6.111663564478861872e+02
5.552915912261310041e+02
5.991005545681640569e+02
5.943711839436143691e+02
6.320279654335150781e+02
5.983571251348720352e+02
5.681671534266885146e+02
5.588503989817526190e+02
5.617342972975743578e+02
5.602647016457527798e+02
5.951727725507327023e+02
6.254273064221555387e+02
6.202732859932713154e+02
5.617342972975743578e+02
5.569828100669437845e+02
5.850367909484740494e+02
5.810766608508716899e+02
5.654224273774701715e+02
5.951727725507327023e+02
5.882002604879883165e+02
5.588073355935682685e+02
5.955522170848789756e+02
7.169541828211854408e+02
5.924317278575578030e+02
5.951727725507327023e+02
5.602583977114882146e+02
5.676321432585164075e+02
6.266949853335878515e+02
5.824059661294386387e+02
6.202809109243082730e+02
5.967264375865890997e+02
6.036274725782890300e+02
6.110181369375311533e+02
6.200706416921993878e+02
6.107236952908265266e+02
5.581659331101022872e+02
6.313458350311851746e+02
6.113727725510577784e+02
5.881925760372444074e+02
5.951727725507331570e+02
5.951727725507327023e+02
5.761649472709151496e+02
5.951727725507327023e+02
5.802264670157932187e+02
5.951727725507327023e+02
5.951727725507327023e+02
6.203779311898775859e+02
5.430938923460378192e+02
5.626631272945969613e+02
5.311727725358315411e+02
6.058335619195979689e+02
5.631609713750500532e+02
5.636074038960966845e+02
5.951732608319827023e+02
5.596251389369166418e+02
6.263609817769774963e+02
6.037727792840427128e+02
5.868170708470159980e+02
6.255718977929687981e+02
6.242950235679873003e+02
5.747626932621005835e+02
5.901462395073911011e+02
5.863484322087792862e+02
5.872235439599816118e+02
6.050953027628208929e+02
6.269403036662093882e+02
5.951727725507327023e+02
5.951727725507327023e+02
5.951752135695525112e+02
5.855053283740847974e+02
5.951727801801272335e+02
6.011889041456595351e+02
7.034962545228265753e+02
6.209234921173825796e+02
5.951727723123141232e+02
5.951727725507327023e+02
5.945282412371568626e+02
6.085168405646196561e+02
5.955456783712091919e+02
5.945355184561451551e+02
6.174611581211376006e+02
5.951727725507327023e+02
5.707672406627222017e+02
6.228497045794331370e+02
6.268076950830743499e+02
5.980951228754962585e+02
5.675941168489230222e+02
5.951727695705004635e+02
5.880733914082824185e+02
6.225908109547131062e+02
6.183520836412463950e+02
5.631730166913577023e+02
5.983573687068812887e+02
5.597927761902052453e+02
5.832929246350636276e+02
6.214846113005892221e+02
5.980937322810879095e+02
5.769006889617908200e+02
5.693541210956673240e+02
6.115623859304553207e+02
6.115803774298377675e+02
6.299716643660091222e+02
5.652969551854657766e+02
5.951883975507327023e+02
6.432980675861799682e+02
6.079132088832718637e+02
5.951727725507327023e+02
5.955458761515258175e+02
6.032558503683897015e+02
5.850646453490785461e+02
6.182031290415809508e+02
5.683558106033106014e+02
6.282857017065147147e+02
5.945285686928225459e+02
5.365409110364303160e+02
5.634128930713543468e+02
5.951727725507327023e+02
5.951727720738955441e+02
5.629472112459612845e+02
5.575023962769679429e+02
6.160832117910489387e+02
5.951727725507329296e+02
6.130703478259970325e+02
5.865524007510804267e+02
5.951737491132327023e+02
5.955465680157232100e+02
6.295347247086086782e+02
5.714697077299080092e+02
5.951727725507327023e+02
6.296427201746441824e+02
5.489979444495094185e+02
5.590008253507205609e+02
5.586355925847641402e+02
6.184008606434297235e+02
6.253651426668587874e+02
6.121573945840822262e+02
5.770397821797758979e+02
6.474036559565494144e+02
5.951727725488700571e+02
5.951727725507327023e+02
5.764125362904793519e+02
5.654804266674293558e+02
5.631727725321062508e+02
5.951727725507327023e+02
6.269021426724332287e+02
6.038976090983450149e+02
5.988690096069663014e+02
6.112502009485569943e+02
5.715902583878345240e+02
6.185897111570910738e+02
5.311727725507327023e+02
5.951727725507327023e+02
5.861521281778148023e+02
5.951727725507327023e+02
5.769883021545906558e+02
5.951744815483531283e+02
5.596425912355928176e+02
5.951883975507327023e+02
6.238461532354252768e+02
5.715107891089332952e+02
5.721155728248726291e+02
5.951727725507327023e+02
6.050918089883365383e+02
5.805255464057555628e+02
5.678041756606572790e+02
5.951727725507327023e+02
6.123031806526527134e+02
5.945417519634419250e+02
5.511883791661616669e+02
6.071315086119143416e+02
5.951727725581832829e+02
5.951727725507327023e+02
6.743099041532221918e+02
6.181746995114991705e+02
5.643672690397538645e+02
5.790900822924131717e+02
5.620154844733674508e+02
5.951727725507327023e+02
6.189254541213285847e+02
6.299967000500407721e+02
5.972999571956512455e+02
6.805061056456474944e+02
5.951727725507327023e+02
6.282837884253485754e+02
5.714464632920992244e+02
5.684348988320032277e+02
6.274049954815109231e+02
6.032873299717118698e+02
5.951732608329140248e+02
6.216050047827272920e+02
5.724419169387659849e+02
6.181772241530317160e+02
6.162811424510693996e+02
6.087232502231199760e+02
5.609591802510414027e+02
5.951732608319827023e+02
6.324939358325995045e+02
5.945293064902290325e+02
5.866676434344633435e+02
6.237543351078822980e+02
6.049544527402300673e+02
5.951727725507327023e+02
5.349477725507326795e+02
6.196335211038558555e+02
6.287480003518678586e+02
6.214576425173410144e+02
6.272220514173060337e+02
5.951727725507327023e+02
7.073287403148061685e+02
5.149422053592433031e+02
6.246307494246996157e+02
6.181859561444827023e+02
5.481497673810957849e+02
6.171711031480795100e+02
5.769631815935589430e+02
5.951727725507327023e+02
6.260620853339682981e+02
6.052842462384376176e+02
5.921689033692615567e+02
5.859048678534715009e+02
6.211207425582837232e+02
6.181393741188167041e+02
6.251600235812152278e+02
6.164185090561741163e+02
5.754589805572877594e+02
5.530657684548681345e+02
5.951727725507327023e+02
6.233382958118647821e+02
6.248158443468937548e+02
5.728416283407751735e+02
5.642740918745829504e+02
6.207917437688115569e+02
6.249955306475874295e+02
6.264769307894993062e+02
5.693706852904547304e+02
6.212942476439444590e+02
5.966713762367247682e+02
5.827232015977535866e+02
5.733577147323967438e+02
5.630715457112892182e+02
6.249759221885565239e+02
5.692225394552524449e+02
5.955475686139659501e+02
6.191309783627187926e+02
6.285573495175627841e+02
5.822984659597952941e+02
5.945364921590055474e+02
6.031550601865723138e+02
6.118103913356038674e+02
7.032655273962459432e+02
5.743588771969842810e+02
6.260180339517542052e+02
6.223723097183666368e+02
6.178892264330320359e+02
6.106488412400042307e+02
5.747383025798769722e+02
5.585531627605299718e+02
5.717533895519864018e+02
5.660569345948614455e+02
5.607413419308859375e+02
5.482730960650134193e+02
6.154947775309034341e+02
7.231727725507327023e+02
6.566875814715408524e+02
5.951727725507327023e+02
5.723069241169894212e+02
5.669428764902316971e+02
6.119305779662915938e+02
5.895018192431666648e+02
5.945286810305874496e+02
6.263018279891041402e+02
7.189747253260616162e+02
5.762947688357774041e+02
5.990743837003763019e+02
5.951727725507327023e+02
5.951732608319827023e+02
6.108913541604921420e+02
5.897765762077210638e+02
5.807077752708153184e+02
6.232966284873792802e+02
6.208603934553655108e+02
5.883651693008223447e+02
6.238866716635967578e+02
5.543727721681856337e+02
5.532330094865735646e+02
6.145501838770625227e+02
6.242139038539083913e+02
5.601948363001442885e+02
5.944429205704404922e+02
5.569732334121866870e+02
5.600786135785606348e+02
6.007879526157598775e+02
5.631838998451497673e+02
5.626984522456322111e+02
5.910927646618061999e+02
5.951727725507327023e+02
5.820151733264508493e+02
5.955502190043905557e+02
5.745993591369274327e+02
6.200338789952853631e+02
5.616911145553815459e+02
6.254353730793192199e+02
5.851595203788715480e+02
5.603995297211683919e+02
6.295754299773319644e+02
5.951727725507327023e+02
6.185796821375737409e+02
5.627356905751953491e+02
5.511309365380980125e+02
5.951728702069826795e+02
7.003263465313979168e+02
5.924318567414686640e+02
5.962660320449881510e+02
5.540762578489483303e+02
5.951727725507327023e+02
6.251723016313462722e+02
5.813935936770924400e+02
5.770606654366580415e+02
5.951732608319827023e+02
6.251723016313462722e+02
5.583308670149783666e+02
5.878887032656776910e+02
5.578218826153406553e+02
6.034716390511771351e+02
6.250717674419696550e+02
6.107234453994519754e+02
5.990477487252455830e+02
5.642802100426420111e+02
5.931727706433840694e+02
5.682639158506704007e+02
6.107244116650311980e+02
6.241339134410225142e+02
6.031735049726077023e+02
6.184866410604658995e+02
5.951727726302055999e+02
6.026315353945441302e+02
5.951727725488700571e+02
6.029287779103343610e+02
5.886313093344705294e+02
6.290012443346433884e+02
6.302352342116986392e+02
5.601473581058085074e+02
5.758476898598012212e+02
5.951727725507327023e+02
5.676981935433998387e+02
5.883554493469468980e+02
6.136665581034278603e+02
5.951727725507327023e+02
6.167653446126226982e+02
5.747780780505377152e+02
7.237085853120343018e+02
5.951727725507327023e+02
5.983562523174107355e+02
6.190306792819422981e+02
5.386040387624768755e+02
6.249767115504124604e+02
6.591727878095218784e+02
5.590535794696363610e+02
6.247778773716595424e+02
6.250156124766676839e+02
6.196713122063350738e+02
6.239152288185615589e+02
5.956677771112248365e+02
6.056843217332061613e+02
5.729894854888826785e+02
5.555909405997502972e+02
6.165692260594356640e+02
5.555107283454667595e+02
6.288489872685663613e+02
5.642016934518776452e+02
6.312289652386767784e+02
5.708058702315930759e+02
6.243574439669240519e+02
6.221908081985314993e+02
6.191727725507327023e+02
6.222805438607880433e+02
5.951727725507327023e+02
6.119100915120203581e+02
5.951727725507327023e+02
5.705224845375989844e+02
5.774713718006563568e+02
6.274979678669579926e+02
5.704324942844633597e+02
5.956674157623278916e+02
5.690420212496890144e+02
6.184106115561263550e+02
6.053556921711876839e+02
5.740829971049282676e+02
5.924114076125894144e+02
5.951732608319827023e+02
6.122566328195210872e+02
6.246068587660755611e+02
6.116585684406295513e+02
4.838998233319827023e+02
6.294583640852456483e+02
5.924316949940903214e+02
5.916026525688032507e+02
6.218035565852496802e+02
5.516656146186903698e+02
5.749575249200769349e+02
5.732135940878081328e+02
6.051963525591912685e+02
6.185422861331717286e+02
5.441348207249995994e+02
5.872459610825866321e+02
6.210503763203842027e+02
6.113485488320790182e+02
5.963784772481739083e+02
5.717443431160172622e+02
6.199616526015845466e+02
6.256603534664274093e+02
5.909285718121644777e+02
5.621549362337174216e+02
5.645721366819560672e+02
6.196201855566495169e+02
5.966248456004329910e+02
6.012415187972128479e+02
6.115124553891699861e+02
5.651333380587051352e+02
5.751775895277040718e+02
6.162926455976077023e+02
5.532276064422800346e+02
6.628950503055892796e+02
5.587616462515247804e+02
5.951727725488696024e+02
5.981351090432228830e+02
6.027011542920379270e+02
5.951727735044070187e+02
6.225895657960853669e+02
5.951727725507327023e+02
6.226610352341979251e+02
5.802961836955269064e+02
6.195506154678442954e+02
5.832929246215670673e+02
6.239786423223790734e+02
5.951727725507327023e+02
5.563748834819243712e+02
6.293219679635697048e+02
5.668794494425975472e+02
5.701989824212737403e+02
5.608498246551538386e+02
5.616074863521853331e+02
5.955504482044483439e+02
5.951727725507327023e+02
5.603769709655243787e+02
5.951727720738955441e+02
5.951742373907574120e+02
5.951727725507327023e+02
5.955469540716636629e+02
6.312315314293751953e+02
5.951732620117458055e+02
6.232768958945438271e+02
6.039152777767548059e+02
5.589077260227969646e+02
6.122262627955084326e+02
6.244251143177508538e+02
6.301377700399181094e+02
5.846711813933310395e+02
5.880456595395585282e+02
6.219272165992488226e+02
5.951727725507327023e+02
6.114369328394516288e+02
5.824733478586767887e+02
5.983572366672241287e+02
6.282789824224129234e+02
5.630580099310749347e+02
5.997768872163912874e+02
5.951727725507327023e+02
6.291365227238288753e+02
5.951727725507327023e+02
5.880853231412595505e+02
5.723283374208070882e+02
5.823821086482244027e+02
6.234762491037901100e+02
6.245525794275323506e+02
5.896403525440103977e+02
5.856018445052659445e+02
5.661002962693316931e+02
5.729022969438138944e+02
5.791727725507327023e+02
5.802253730447082489e+02
5.951727725507327023e+02
5.951727726103373470e+02
5.924309928096888598e+02
6.222813496213781264e+02
6.062831387468604589e+02
5.584966200910491807e+02
5.952628722856866261e+02
6.273085562938055091e+02
5.951727725507322475e+02
5.907953804908747770e+02
5.734329749823863267e+02
6.142387234956261182e+02
5.804240461975452945e+02
5.414436435643525556e+02
6.242019592192530126e+02
6.105318669534632363e+02
6.198151734880989352e+02
5.909683804304222576e+02
5.707785672433111586e+02
6.121727725507327023e+02
6.246565790254956028e+02
5.954307235015942297e+02
5.583904950075449278e+02
5.081161877442343666e+02
5.588085218759802046e+02
6.296900197299377169e+02
5.861685425830457916e+02
5.951727725507327023e+02
6.243304788884101981e+02
6.591727725507327023e+02
5.836408233734767919e+02
5.541215387204453009e+02
6.202638542019541319e+02
5.762196229913404295e+02
6.130728146536862369e+02
5.951727725507327023e+02
5.772437688221083363e+02
5.491950800372806043e+02
5.951727725507327023e+02
5.615738191999218998e+02
5.951727725507327023e+02
5.722683444039910228e+02
5.945100121340660735e+02
5.951732608319827023e+02
5.742799608674110914e+02
5.964628995701471013e+02
5.733858139055090533e+02
5.951727725507327023e+02
6.081032349424997392e+02
5.809745324561731650e+02
5.951727725507327023e+02
5.753944373028692780e+02
5.964289823753338169e+02
5.948832389602004014e+02
5.539042847163998431e+02
5.366279422898352323e+02
6.260620853339682981e+02
6.248102283483177644e+02
6.121813076931248361e+02
6.857330821018189226e+02
5.607748571267329680e+02
5.511665688575587865e+02
6.260274234971489022e+02
5.605168781309447468e+02
5.527422474848240199e+02
5.951727725507327023e+02
5.951730166913577023e+02
5.951727725507327023e+02
6.195146996585664283e+02
5.528581462511913287e+02
5.772505558718103202e+02
6.269794101188333570e+02
5.595172901068757483e+02
5.735148467572020081e+02
6.229252261479516619e+02
6.110769142894333754e+02
5.527380675625062167e+02
6.233743248026148649e+02
5.951727735044070187e+02
5.951767371474663832e+02
5.758869611991893862e+02
6.101236427152551869e+02
6.217085652152520652e+02
6.025844312501790228e+02
5.613580749267827059e+02
6.683940941274161105e+02
5.951727725507327023e+02
5.731204040140155485e+02
6.332038481644021886e+02
5.802727805193236463e+02
6.236788626142711109e+02
4.671727725507327023e+02
5.951727725507327023e+02
6.291689556119767985e+02
5.951727725507327023e+02
6.108286978249245749e+02
5.682646911870081112e+02
5.752566300391167715e+02
5.951727706433840694e+02
6.234849816709910328e+02
6.130403327088729384e+02
6.237342931107815502e+02
5.754466923864172259e+02
5.696711052879468298e+02
5.490214023025649794e+02
6.122522008851917690e+02
5.951727723123141232e+02
6.084354651569694852e+02
5.627355998626115934e+02
5.924318193702388271e+02
6.210389368819812717e+02
6.006372003854461354e+02
6.292918375707117775e+02
5.803228667120017690e+02
5.572055893564819371e+02
