3.793642756869430173e+02
1.969672988325337997e+02
2.795725360591017079e+02
1.970206742134694480e+02
2.940569104461453094e+02
3.794683670825324384e+02
1.970525203717806164e+02
1.970696595083700231e+02
2.795744891840998889e+02
3.794777751076318282e+02
1.969527391083061048e+02
3.793609046639298867e+02
1.969651639069879252e+02
3.794801413809659607e+02
3.794684407344653323e+02
3.793862846313405157e+02
2.795735126216017079e+02
1.970703799362544544e+02
1.970586211013769002e+02
3.793913491699870519e+02
3.795017823675150908e+02
1.970511513953517522e+02
2.795725360591017079e+02
3.793387117416035039e+02
1.969706211538194509e+02
3.516779110381029341e+02
2.731970546801210276e+02
3.793245831025644179e+02
3.793712927191306790e+02
2.505215556669448347e+02
2.795725360591017079e+02
3.793219894190875721e+02
1.969764496674995371e+02
1.969699304055669700e+02
2.795725360591017079e+02
3.794006894916719830e+02
3.793072979827601898e+02
3.794597152095170713e+02
1.970440140667677724e+02
3.793579705712010650e+02
2.776329802369140793e+02
1.970466704803671121e+02
3.596975665767380406e+02
2.897910743882176803e+02
3.794682151619830393e+02
3.794831357366278439e+02
2.817170458984383572e+02
2.795725360591017079e+02
3.793068387178008152e+02
1.970232440538583774e+02
2.795725360591017079e+02
2.795725360591017079e+02
2.795725360591017079e+02
1.970205576017997942e+02
2.795725358206831288e+02
2.808718229337230810e+02
2.731970546801210276e+02
1.970462562411425722e+02
3.793422093217953375e+02
1.969501150139014385e+02
3.793523717043462398e+02
2.793376438334962018e+02
3.793424972534207882e+02
2.898070401155010245e+02
3.793372692305445071e+02
3.793332372617617239e+02
2.897912730040819724e+02
1.970390851678651529e+02
1.969765667767859156e+02
1.970104252027066138e+02
1.970138779023401696e+02
1.969509099841699253e+02
3.793760624864254396e+02
3.793466619393965402e+02
3.793579102130512410e+02
2.413279513055429675e+02
3.045011974103587704e+02
3.793107330527402041e+02
2.698904156855320480e+02
3.596975665767380406e+02
3.793402642585437547e+02
3.793897432590046606e+02
3.793423810941492320e+02
1.969675939140284413e+02
2.911725357412102539e+02
2.795725360591017079e+02
1.969502377770241139e+02
1.970509210526914501e+02
1.970336204918802707e+02
1.970448571764410133e+02
2.795725360591017079e+02
3.793511105130042438e+02
2.696260150163475373e+02
1.970086686871458141e+02
1.969763631802880468e+02
1.969583440586860661e+02
2.795732583183847737e+02
1.970529856145147107e+02
3.794868060765319342e+02
2.753513471176346457e+02
1.969613347895073332e+02
3.794952519478975432e+02
2.698956200461810795e+02
1.970452947452982642e+02
2.947024111212731441e+02
3.281940986618263878e+02
2.795725360591017079e+02
1.970580437254362778e+02
3.793857364351829347e+02
2.795725360591019353e+02
1.969005003489609180e+02
1.970352667380306571e+02
2.795715594966017079e+02
1.970473270897875011e+02
2.795725360591017079e+02
3.794949655186073869e+02
1.969636007500370454e+02
2.897911630816725506e+02
3.795162489417797360e+02
3.793574076804865172e+02
3.793848850739623231e+02
2.793376958336354505e+02
2.795725360591017079e+02
1.970582830479198435e+02
3.793707149635137625e+02
2.795725360591017079e+02
2.680166078861992673e+02
3.008545275153556418e+02
2.715725360586360466e+02
3.793407223788900637e+02
2.794259472289058976e+02
2.795725360600330305e+02
3.793643181965651365e+02
1.969595461630807165e+02
3.793600928516708564e+02
3.793656799654744418e+02
1.969719038293767994e+02
2.940759666261492384e+02
2.630590601676038318e+02
2.795723407466016965e+02
1.969733753052599354e+02
2.794248519677829563e+02
2.940635118473821876e+02
2.800725360593345385e+02
2.510045209097633574e+02
3.793760738479825818e+02
1.970108229306356691e+02
3.793488762950694309e+02
1.969607344850220727e+02
3.170314932080100334e+02
3.793687534222232216e+02
1.969784335709528023e+02
3.795030426938564005e+02
3.793955834048772431e+02
2.795725360586360466e+02
1.969570707337441888e+02
2.795725360591017079e+02
1.970553691607165661e+02
3.793107641254890154e+02
2.795725446421705556e+02
1.970498288744142883e+02
3.794910043769044705e+02
2.795725360591017079e+02
1.970338402219283580e+02
1.970371039134165301e+02
1.969659046429856630e+02
3.795035979333916316e+02
3.794903166172327360e+02
3.795418553766475043e+02
2.698886758268074573e+02
1.970501224846719310e+02
1.969645907756635097e+02
3.793443883672155152e+02
1.969593083394211988e+02
1.970535285812955806e+02
1.970533361296619717e+02
2.795725360591017079e+02
2.795725360591017079e+02
3.794817109203675614e+02
3.794090846005127560e+02
2.898095417274732313e+02
1.969641553233071249e+02
3.793176439783619571e+02
1.969685061672184077e+02
3.793571404256260280e+02
1.970450185938521770e+02
1.969622574196644962e+02
2.795725356882283563e+02
1.969627024457777509e+02
2.897892552090453364e+02
2.940578799201798574e+02
1.970329346942257018e+02
1.970386219685748870e+02
3.795160648727741659e+02
3.045995482483388628e+02
1.970522037847701142e+02
3.141737002498550169e+02
3.793864642908416158e+02
1.969697583458776933e+02
3.793654206384405825e+02
3.794812047373810628e+02
2.795725360591017079e+02
2.795725360591017079e+02
1.969709241925858123e+02
1.970527794502894210e+02
2.795725360591017079e+02
1.970652519515604411e+02
2.795715594966017079e+02
3.793150478305520323e+02
3.794878232713295461e+02
2.795725360591017079e+02
1.970578234515172085e+02
3.794795095776814833e+02
1.970058966067599613e+02
3.059460531860798937e+02
1.970565488934095129e+02
3.795064510388525605e+02
1.970069235858637171e+02
3.793864310915615761e+02
3.794918208504095105e+02
1.970481019337402699e+02
2.698892338126917139e+02
3.794635471071436541e+02
3.793153451089630721e+02
3.794589928370382950e+02
3.794985270488569427e+02
2.795725360591017079e+02
1.970554235007585930e+02
3.794756429067172121e+02
3.795079912738940493e+02
2.897895474258247077e+02
2.658715716623464687e+02
2.795725358206831288e+02
3.794328046658982316e+02
1.970025626677465311e+02
1.970459893641895519e+02
1.970598341707436134e+02
3.956937481803138326e+02
2.795725360591017079e+02
2.793376438334962018e+02
2.795725360591017079e+02
3.045011974103587704e+02
1.969528526908219419e+02
1.969783341875427709e+02
3.795057640767136604e+02
2.657206242851586921e+02
1.969643082812987984e+02
3.794902588490809308e+02
3.047451721222041101e+02
2.898092243665992669e+02
2.474305227213041576e+02
2.367377352319778652e+02
2.795725360591017079e+02
2.898114414235269578e+02
2.795725360591017079e+02
3.793354786715219120e+02
3.793004535831958037e+02
2.795725360591017079e+02
1.970175621085621742e+02
3.793627897349173281e+02
3.793392583212737463e+02
2.795725361187063527e+02
3.793953914250944877e+02
1.969626258189911141e+02
2.795725360591017079e+02
1.970455640728662274e+02
3.793182846957452057e+02
3.793795120753084689e+02
2.568212207016468938e+02
2.795735126141511273e+02
1.970159934601951761e+02
1.970594852971210003e+02
1.969635411384618919e+02
1.969620330397777082e+02
2.897964880500246636e+02
1.970331096201527430e+02
2.817751138748515700e+02
1.970620670792727367e+02
3.793969148193953060e+02
2.663540835825687054e+02
3.793433133399622648e+02
3.793248760552492627e+02
3.793182163549193433e+02
2.795725359398924184e+02
2.795725360591017079e+02
1.970392608365332308e+02
3.793229821232293943e+02
3.795262753533277191e+02
2.805725360591017079e+02
3.795385884963542367e+02
1.969726801614626197e+02
3.793372312566236815e+02
1.729056252519963266e+02
3.793590965401319863e+02
2.657206458095786843e+02
2.940635118473821876e+02
4.075725360591017079e+02
3.794666186827231513e+02
3.219485997267247512e+02
1.970371480227595384e+02
3.634933754147785407e+02
2.239534884251529263e+02
2.795725360591017079e+02
1.969554027531675899e+02
3.956937481803138326e+02
1.970490959803855162e+02
2.764360614492610466e+02
3.793628248840327046e+02
3.793580097657816737e+02
1.969582883506131736e+02
2.698943433649513963e+02
1.970522860320226073e+02
1.970232145816771094e+02
1.970472251301291067e+02
2.657204257346035092e+02
2.696260791622167972e+02
3.795079103261392675e+02
3.793825809779644374e+02
2.698886138318400185e+02
3.793647912137140565e+02
2.795725360591017079e+02
2.898063091046145132e+02
3.793590995134912305e+02
2.795725360591017079e+02
3.793991860568361858e+02
2.795725362180474463e+02
3.793520776710111022e+02
2.795725360591017079e+02
1.969592426616235343e+02
2.562689035952867016e+02
2.795735125942829313e+02
1.970374727464083549e+02
2.955725360591017079e+02
2.586778261687183544e+02
2.707743948273190426e+02
2.795725360591017079e+02
2.795725360591017079e+02
2.795725360591017079e+02
2.793376309727033799e+02
2.795725360591017079e+02
3.793884005540335806e+02
1.970188593790288962e+02
2.550255217831478376e+02
1.970070355106443003e+02
3.793482248285789069e+02
2.225479382099856025e+02
1.969534760748339295e+02
3.793564596301559391e+02
2.795725360591014805e+02
2.795725360591017079e+02
1.970456280236283533e+02
3.795087550924028506e+02
3.793219894190875721e+02
2.795727801997267079e+02
1.970486343284817679e+02
2.795726988200568144e+02
3.793793751458463817e+02
1.970523876523151614e+02
3.794902015868128160e+02
3.793592054868237824e+02
2.795725360591017079e+02
2.795578876216017079e+02
2.945973681381175311e+02
1.969576896861134117e+02
3.794818973441886101e+02
3.793394984315678471e+02
1.970529274099997110e+02
1.970615192857876252e+02
3.270609393794142079e+02
3.794335262687376940e+02
3.602411558656695547e+02
2.897895494135257763e+02
3.794832751815106917e+02
2.795727801997267079e+02
1.970548684583618808e+02
3.004060321528517079e+02
3.795005379240049592e+02
2.795725360591017079e+02
2.898061837339815270e+02
3.793704349894767915e+02
2.769994137967988195e+02
1.969624315383343003e+02
1.970381142912493715e+02
3.793444765303593158e+02
2.898055595196463514e+02
2.795725360591017079e+02
3.793192420299693026e+02
2.897910829196394502e+02
2.696175656095256841e+02
3.795173508442711636e+02
1.969557885072455008e+02
2.795725360591017079e+02
2.795725360591017079e+02
2.174164314980555446e+02
2.795725360591017079e+02
3.795026926368704494e+02
2.620260790140175686e+02
2.797016319342823749e+02
3.793384887964900827e+02
2.670086139436531312e+02
2.898067684994057345e+02
1.970486343284817679e+02
2.795725360591017079e+02
3.795386555064000618e+02
1.969678199086440884e+02
3.794833203191528241e+02
2.940788208547688214e+02
2.755467112739050890e+02
1.970644171819271264e+02
2.897910863960743200e+02
3.793531236360261687e+02
2.623427569401634969e+02
3.794891245900798822e+02
3.793452228812894873e+02
2.795727801997267079e+02
1.969520473336301336e+02
1.970489467238861323e+02
3.794891245900798822e+02
3.794204623555429521e+02
2.898126773959054958e+02
3.794862316568362530e+02
3.794693694075265853e+02
2.795725360591017079e+02
2.696216211615703742e+02
3.793377201220203574e+02
2.696238992841405206e+02
3.047375470230699079e+02
2.797968237572744670e+02
2.795725360591017079e+02
3.793809553490070812e+02
3.794703046553510717e+02
1.970068406599516777e+02
3.794681288521832698e+02
1.970059352374180435e+02
2.258142084183241991e+02
1.970226839773825986e+02
1.969641553233071249e+02
1.969629120571707972e+02
1.969957287715437246e+02
3.794512416026294659e+02
1.969735675418587277e+02
4.802042800847668786e+02
2.696224090936468656e+02
2.795725358206831288e+02
2.795725359398924184e+02
3.794662187270040477e+02
2.795725360591017079e+02
3.794854325501166841e+02
2.795727801997267079e+02
2.795725360591017079e+02
2.909147046918880051e+02
3.795079912738940493e+02
3.794687131667807876e+02
2.155725360740028691e+02
1.969720961975122577e+02
3.794917170981224785e+02
2.750791490547828175e+02
2.795725360609643531e+02
3.794623902429214013e+02
1.969561005685727650e+02
1.970252569565172962e+02
3.793940877821485742e+02
1.970402153501042903e+02
1.970392462605134085e+02
3.794776677261293116e+02
3.794564984535516032e+02
2.940613136898333551e+02
2.898099144768228257e+02
1.970268436601130304e+02
1.970555151400022282e+02
2.795725360591017079e+02
2.795725360591017079e+02
2.795715596158109975e+02
2.898084578153005850e+02
2.795727782923780751e+02
2.698910214722140495e+02
3.281364543705145707e+02
1.970488615571417768e+02
2.795725361783109975e+02
2.795725360591017079e+02
2.897894669023896768e+02
3.045011974103587704e+02
2.696302344721594864e+02
2.897897356321279290e+02
1.970780761263316094e+02
2.795725360591017079e+02
3.793383815523755516e+02
1.970283783931082837e+02
1.969618773555372968e+02
2.793377551797595402e+02
3.794881782387063822e+02
2.795725374896131825e+02
2.696309564070966189e+02
1.970458404236793797e+02
1.970556211650253999e+02
2.795725360740028691e+02
2.897912293915402984e+02
3.793077017110617817e+02
2.722569373717549297e+02
1.970501908868159830e+02
2.793375663551355501e+02
2.887479600280462932e+02
2.867904641354312503e+02
1.970311044096262378e+02
1.969701274612323800e+02
1.970086686871458141e+02
3.794641041439181208e+02
2.320616311111850223e+02
2.847552983596322633e+02
2.867756892572049310e+02
2.795725358206831288e+02
2.696302481117446064e+02
3.794321731427251621e+02
2.898093721355239722e+02
1.968753010704764392e+02
2.652991155865241808e+02
1.970584159956664791e+02
2.897896119555292103e+02
2.963986323920723294e+02
3.793445029870865142e+02
2.795725360591017079e+02
2.795725367743574452e+02
3.793130118386403637e+02
3.794946189751186125e+02
1.969760528143062572e+02
2.795725360591017079e+02
1.970236272263283865e+02
1.969804832445732927e+02
2.795725360591017079e+02
2.696294208352040300e+02
1.970642280398979267e+02
3.793383990395542469e+02
2.795725360591017079e+02
1.970514654128657241e+02
3.793749441062852270e+02
3.794958022375811311e+02
3.793185112482072441e+02
1.969605303569843784e+02
1.970324187380127512e+02
1.970366015228367758e+02
3.793859472546490110e+02
2.324410368574241375e+02
2.795735126216017079e+02
2.587047801496465809e+02
2.779326979976350458e+02
3.793291809956398311e+02
2.795725360665522885e+02
2.795725360591017079e+02
1.969622468585571937e+02
2.758161692405041663e+02
2.698905500764859653e+02
1.969790371586055926e+02
2.731571883940406451e+02
1.969637648296101418e+02
2.795725360889040303e+02
2.795725360591017079e+02
2.814823287218586643e+02
2.795725360591017079e+02
3.793886900726289468e+02
2.795715595032244210e+02
3.795065177802023868e+02
3.290704201736850223e+02
1.970429809297909287e+02
3.793587672573945611e+02
3.793722093889213056e+02
2.795725360591017079e+02
1.969694988973957379e+02
3.794937122841880068e+02
2.798043355278009585e+02
2.795727801997267079e+02
1.970262139482104544e+02
2.897894307707128974e+02
3.795166089178162565e+02
2.797197498654750802e+02
4.715725360143982243e+02
2.795725360591017079e+02
1.606384331518619319e+02
1.969591648241126904e+02
3.794876991631172700e+02
3.794790097187724882e+02
3.794944448654767939e+02
2.795725360591017079e+02
1.970455066717454429e+02
1.970531841016685917e+02
2.781792314759373994e+02
2.927280916221078542e+02
2.795725360591014805e+02
1.970014076615919407e+02
2.434575766693982928e+02
3.795193210506839137e+02
1.970583634637920056e+02
1.970175468080085466e+02
2.795725360591017079e+02
1.970082822121109132e+02
2.730478072836251613e+02
1.969636822105128431e+02
1.969617802831585323e+02
2.797791245889765719e+02
2.455985527176228516e+02
2.795725306648813557e+02
2.734180685108577791e+02
2.671695449272361884e+02
3.793965759423657005e+02
1.970483640862117340e+02
1.969980066040342024e+02
2.795725360591017079e+02
2.484225436884962619e+02
1.969590168183397338e+02
1.970509163785871465e+02
1.969628186286759046e+02
1.969694256735689066e+02
2.795725360591017079e+02
2.807393877229257555e+02
3.401817870362522171e+02
1.969644372589231409e+02
2.815725360591017079e+02
3.795048573107488892e+02
1.969662029874598375e+02
3.793747293108339704e+02
2.795725360591017079e+02
1.969526010445077304e+02
1.969694814746601708e+02
3.044262665138844568e+02
3.793666956688169307e+02
1.970059768708513275e+02
1.969553261806085800e+02
1.970108204300261150e+02
2.247864022475251886e+02
3.794949913313257639e+02
3.793234109706726827e+02
4.075725360591017079e+02
1.970508255794561023e+02
1.970537063146041135e+02
3.793959002193855099e+02
3.794989701571394107e+02
1.969684611983084608e+02
1.969635218348908836e+02
1.970625023297692167e+02
2.658906718254987709e+02
1.970039665329858565e+02
2.848056490592646810e+02
3.794732734098993774e+02
3.795029842849187958e+02
2.622384225249818428e+02
1.970371039134165301e+02
3.793407223788900637e+02
2.696284202930515903e+02
1.970388881608648717e+02
1.969555984271279954e+02
1.969851902528709786e+02
2.897894287252920549e+02
2.698911613655669726e+02
2.821748649087004992e+02
2.664227627525476123e+02
3.794637133207521060e+02
1.970521227030211548e+02
1.970453047342565469e+02
1.970387911059220016e+02
1.970357713611131203e+02
3.794675672108430149e+02
2.646842492067098647e+02
3.793292732527239082e+02
3.793478560338139118e+02
3.795106830731222658e+02
3.007910165036042258e+02
1.969690923850704962e+02
2.795725360591017079e+02
2.839429200621321456e+02
2.795725360591017079e+02
3.793381693907451222e+02
3.794124974615944552e+02
1.970241269139700080e+02
3.794067265460050749e+02
2.897894449885077961e+02
1.970538656287898220e+02
3.267761338850651782e+02
3.793943242342033386e+02
2.940766077491174997e+02
2.795725360591017079e+02
2.795725360600330305e+02
1.969980519308471969e+02
2.657207861886723208e+02
3.794241562086754129e+02
1.969610567756498369e+02
1.970506392098800745e+02
2.898072295506887031e+02
1.970453818388955938e+02
3.052350377474450056e+02
3.794926229442494332e+02
1.969722647963671704e+02
1.969571534523352625e+02
3.794793438374400694e+02
3.399811586671681880e+02
3.793371206146174472e+02
3.795162526588128458e+02
1.969768766573060361e+02
3.794885220186679362e+02
3.793177230678640512e+02
2.655813723096809440e+02
2.008911395747267079e+02
2.831249605623394814e+02
2.696255711122610705e+02
2.752982653048492239e+02
1.970505731255891817e+02
3.792968523847166011e+02
1.970599793470780412e+02
2.898107911522590143e+02
3.793003309580991527e+02
1.970705239486227072e+02
2.795725360591017079e+02
1.970461525987197149e+02
3.794989581494160689e+02
3.795247680555162333e+02
2.795725363817540483e+02
3.042818532502149651e+02
2.797967719671545979e+02
2.671990904817479873e+02
3.794910691464206138e+02
2.795727801997267079e+02
1.970504805180778476e+02
3.793902288199053032e+02
3.794736117874352317e+02
2.795725360600048361e+02
1.970504805180778476e+02
2.636421908042620998e+02
3.046138046362908085e+02
3.794952418242211252e+02
1.970202533188652581e+02
1.970436214332586644e+02
2.826097290925516177e+02
2.698890158612101686e+02
3.795336931034179884e+02
3.515517023681405249e+02
2.717261747672412184e+02
1.970323044991135077e+02
1.969612775050008224e+02
3.398222919184767079e+02
3.204750221760056093e+02
2.795725360591017079e+02
2.698885692191223029e+02
2.795735126216017079e+02
1.970170318252254447e+02
3.589683693925514376e+02
1.970513430018705208e+02
1.970538988701555922e+02
3.793346952330450108e+02
3.793507733990755355e+02
2.795725359737562030e+02
3.793780414372218388e+02
2.696264359671440047e+02
1.970372788704308675e+02
4.075725360591017079e+02
1.970441745167505303e+02
2.518437184170945784e+02
2.341581602521662546e+02
2.795725360591017079e+02
2.897910740180758467e+02
1.969758174173957741e+02
2.539034253825450094e+02
1.969616838317538736e+02
5.196558693924349654e+02
3.793138674852384042e+02
1.969657998775439296e+02
1.969611223117382224e+02
1.970559087678719834e+02
1.969653783138276992e+02
1.970192767389592063e+02
1.970308803991526929e+02
3.793462737846591608e+02
3.793392721167823538e+02
1.969578375989014773e+02
3.793566724238382335e+02
1.970682690578231586e+02
3.795104450192231980e+02
1.969676232170318997e+02
3.794824436751046051e+02
1.970101362995880834e+02
1.970593201790043452e+02
2.115725360292993855e+02
2.591294097166397705e+02
2.795727801997267079e+02
1.969726348729425354e+02
2.795725355822645497e+02
3.794902015868128160e+02
3.793564549963858212e+02
2.616764585851433935e+02
3.794656528150364920e+02
1.970158222976321838e+02
3.793398212742990836e+02
1.969597552958297513e+02
1.970254507498507053e+02
2.833286414984689827e+02
2.794253957959500099e+02
2.795725360591017079e+02
1.969571247024547915e+02
1.970454786617507921e+02
1.969714496221054389e+02
3.515049091059767079e+02
1.970511284218456467e+02
2.797967231296283330e+02
3.070812454662960818e+02
1.970023511843014603e+02
3.794795919823255304e+02
3.795011557327269998e+02
3.793609203316996172e+02
1.970242155819021548e+02
1.969698785408161825e+02
3.793412245610518312e+02
2.750814052158642085e+02
3.326784209472146472e+02
1.970281589356890208e+02
2.568188771740511243e+02
3.793414083168730713e+02
2.858497100072515309e+02
1.969638440486426418e+02
3.794016210444976309e+02
2.926076794249319164e+02
3.793227754015723008e+02
1.969583075341051313e+02
2.826615677051508442e+02
3.020017494692605737e+02
1.969638321126609242e+02
3.794891339009056423e+02
3.794346161788322433e+02
2.589571346003614849e+02
3.793147345985402694e+02
3.198226152338800148e+02
3.792746574944895315e+02
2.795735126216017079e+02
2.856588175686210889e+02
1.970212931576612903e+02
2.795725351054273915e+02
1.970306955693519342e+02
2.795725360591017079e+02
1.969672988325337997e+02
3.793465240619703991e+02
1.969630818638304675e+02
2.722569373875006704e+02
1.970055612279883235e+02
2.795725360591017079e+02
3.795032193129902112e+02
1.969508996851572533e+02
3.793199286555997105e+02
3.794621955259605102e+02
3.795167589458861244e+02
3.794247798233847107e+02
2.696254470350255019e+02
2.795725360591017079e+02
3.794940388957182336e+02
2.795725360591017079e+02
2.795715594891511273e+02
2.795725360591007984e+02
2.696292824601192706e+02
1.969588005417391514e+02
2.795725369861721674e+02
1.969678666989703686e+02
2.826410676767788459e+02
2.618541670121128959e+02
1.969674828945405807e+02
1.970600968736916627e+02
1.970659091198332078e+02
3.793872160791933084e+02
3.793822398009901349e+02
1.969586087404331920e+02
3.755725360591017079e+02
1.969776087908225577e+02
1.970041696976272760e+02
2.897912266904974672e+02
1.969552942109045830e+02
3.793647912137140565e+02
1.969693637960823480e+02
2.795715594966017079e+02
1.969616697184541181e+02
2.795725359398924184e+02
2.696221353917027272e+02
3.794905430657493639e+02
3.794897367547719114e+02
1.969610731703018303e+02
1.969507679923108299e+02
2.940607665953834271e+02
3.089218831528810938e+02
3.793658357729201498e+02
3.793400596548096928e+02
2.215725360591017079e+02
3.794567348722285942e+02
2.795725360591017079e+02
2.240842244496457454e+02
2.797968640038041030e+02
1.969686481064618420e+02
4.124329024629797118e+02
3.794662941255041346e+02
1.969959312370890814e+02
1.970531206221515106e+02
2.795725360591017079e+02
3.793799669749150780e+02
3.793333711000016137e+02
1.970555566119783464e+02
3.793095647095310596e+02
3.794890938692911391e+02
1.969677000331482759e+02
1.969679888249434043e+02
1.970053366340150092e+02
1.970077100650929367e+02
3.794936821037364325e+02
3.435725360591017079e+02
1.970624919554716996e+02
2.898165141629101527e+02
2.759120433273589583e+02
2.391334931752872421e+02
3.795212915213493261e+02
1.970612058793683161e+02
3.794587261157171270e+02
2.795725360591017079e+02
1.971284350590025269e+02
5.035725362975202870e+02
3.794701442992856641e+02
3.793616024628348669e+02
1.969669971113794134e+02
2.850810219129432426e+02
1.970223532446819092e+02
2.795720477769203853e+02
3.794882807360903598e+02
3.795444930308359517e+02
2.795727801997267079e+02
3.793446391665176520e+02
2.795725360591017079e+02
3.794880226500438880e+02
2.572997089504006567e+02
2.795725360599295755e+02
3.793586539636027624e+02
1.969749532573695205e+02
3.794841259239838678e+02
2.795725360591017079e+02
1.970349420422086837e+02
3.794671413925940442e+02
2.795725360591017079e+02
3.795028794538370676e+02
1.970139626734865033e+02
1.969765858792972040e+02
3.794701547601657126e+02
3.793330099418480472e+02
1.969526010445077304e+02
1.970732569494991537e+02
1.970329728076749234e+02
3.157956206723130208e+02
3.793037194423901610e+02
2.803834948651493733e+02
1.969548883245015816e+02
3.794910612156286902e+02
3.795035122964956145e+02
2.795715594966017079e+02
2.795725360595673692e+02
2.795725360591017079e+02
1.970566381984050395e+02
3.795127671501172131e+02
3.793848704239673566e+02
1.969610005000783701e+02
3.793139877258868182e+02
3.793164614060150370e+02
1.970602138669666772e+02
3.012711533117657723e+02
3.795132014438838723e+02
1.969650908880134921e+02
2.795725341517530751e+02
1.969735412349131707e+02
3.794840298332514408e+02
1.969778005107383763e+02
1.969661245456040035e+02
1.970244396997944989e+02
3.793921962156670133e+02
2.865461299879595458e+02
2.795725360591017079e+02
1.970003472487385920e+02
1.971916699195586204e+02
3.793662267626802986e+02
1.969611332540081605e+02
2.795725359398924184e+02
2.795715594966017079e+02
1.970633086231071047e+02
2.795725360591017079e+02
1.969698915977886031e+02
3.793509945410938826e+02
3.793923241569351603e+02
2.795725389201246571e+02
2.174164314980555446e+02
1.970248066384866092e+02
2.862571983883992175e+02
3.793483005586452350e+02
3.793650452897043124e+02
3.794961143994092367e+02
1.969724947775295902e+02
2.795725360591017079e+02
1.969661492475037790e+02
3.794949765823629377e+02
2.797965601397010573e+02
1.969669340231697845e+02
2.698905702733015346e+02
1.970398193929325998e+02
3.793693232734621006e+02
3.793372951500907675e+02
