-1.366076756181748841e+00
-1.363798099455505675e+00
-1.363798099455505675e+00
-1.368113115395631407e+00
-1.363798099455505675e+00
-1.379647678342284634e+00
-1.373857031345445678e+00
-1.363798099455505675e+00
-1.363798261530453138e+00
-1.363798099455505675e+00
-1.377054124123175072e+00
-1.383728950887435083e+00
-1.363798099455505675e+00
-1.382782401722835175e+00
-1.363798099455505675e+00
-1.363798099455505675e+00
-1.363798081610150481e+00
-1.363798099455505675e+00
-1.375028000085900537e+00
-1.363798099455505675e+00
-1.368695718754501467e+00
-1.375771374007215275e+00
-1.363797901687466840e+00
-1.363798099455505675e+00
-1.363798099455505675e+00
-1.404458470298496353e+00
-1.363798099455505675e+00
-1.363877385011655452e+00
-1.378721474060644825e+00
-1.359714327251738908e+00
-1.363797901791641509e+00
-1.376352049086366103e+00
-1.376274039015156658e+00
-1.374930512242366953e+00
-1.363797901687466840e+00
-1.385985045772702540e+00
-1.363798099455505675e+00
-1.371145841805529786e+00
-1.375264881223628555e+00
-1.363798099455505675e+00
-1.358381824050694853e+00
-1.373634226958395876e+00
-1.363798099455505675e+00
-1.363798099455505675e+00
-1.376288751590941661e+00
-1.365644186361685719e+00
-1.363798099455505675e+00
-1.363798099455505675e+00
-1.363798099455505675e+00
-1.368001845594901233e+00
-1.363798099455505675e+00
-1.363797901687466840e+00
-1.363798099455505675e+00
-1.367597001857819849e+00
-1.363798099455505675e+00
-1.363048569810023203e+00
-1.363798099455505675e+00
-1.363798099455505675e+00
-1.363798099455505675e+00
-1.363798099455505675e+00
-1.363798099455505675e+00
-1.363798099455505675e+00
-1.366828187548311035e+00
-1.363798099455505675e+00
-1.363798099455505675e+00
-1.372324661977755600e+00
-1.363798099455505675e+00
-1.373523560477098560e+00
-1.367563661941205266e+00
-1.376067491063333037e+00
-1.363798099455505675e+00
-1.374300673704673459e+00
-1.383858160837259765e+00
-1.363105841926527617e+00
-1.384500901416836571e+00
-1.350722121045064394e+00
-1.363798099455505675e+00
-1.370562949338772540e+00
-1.364702152370342869e+00
-1.406450182287395601e+00
-1.368914066945968511e+00
-1.380105000869239040e+00
-1.376101959143262388e+00
-1.363798099455505675e+00
-1.363798099455505675e+00
-1.363798099455505675e+00
-1.363798099455505675e+00
-1.363798099455505675e+00
-1.363798099455505675e+00
-1.363798099455505675e+00
-1.363797955024834030e+00
-1.363798099455505675e+00
-1.359018822541183891e+00
-1.363798099455505675e+00
-1.375252324384826252e+00
-1.363798099455505675e+00
-1.363796999105531871e+00
-1.375434189772521298e+00
-1.370508205790436529e+00
-1.363798099455505675e+00
-1.363798099455505675e+00
-1.372920526170186895e+00
-1.363798099455505675e+00
-1.373561867943640546e+00
-1.373736484834192639e+00
-1.363798099455505675e+00
-1.363797901687466840e+00
-1.375915478222328403e+00
-1.379495133941696317e+00
-1.363797901687467062e+00
-1.373893508382508344e+00
-1.374898169711402218e+00
-1.363797721766470961e+00
-1.363798099455505675e+00
-1.363798099455505675e+00
-1.363798099455505675e+00
-1.373236151802640359e+00
-1.363798099455505675e+00
-1.378309245376136749e+00
-1.363798099455505675e+00
-1.378284198382546233e+00
-1.363798099455505675e+00
-1.363798115036520819e+00
-1.375214556439032565e+00
-1.363798099455505675e+00
-1.363797901687466840e+00
-1.342821098058683882e+00
-1.362375526076721854e+00
-1.334708570797908944e+00
-1.363798099455505675e+00
-1.363798099455505675e+00
-1.363798115036692238e+00
-1.384403964698610157e+00
-1.375023223710735376e+00
-1.374104646975571331e+00
-1.384656523199838674e+00
-1.363798099455505675e+00
-1.363798099455505675e+00
-1.364430052552359163e+00
-1.363797865703066492e+00
-1.371298845947840128e+00
-1.363798099455505675e+00
-1.363798099455505675e+00
-1.313371901613231696e+00
-1.371260947375227079e+00
-1.375971319961685868e+00
-1.363798099455505675e+00
-1.377883892329897275e+00
-1.373236172787911658e+00
-1.363798099455505675e+00
-1.363798099455505675e+00
-1.363798099455505675e+00
-1.372096837676975545e+00
-1.387270935930437377e+00
-1.363798115036028102e+00
-1.373771886014500954e+00
-1.363798099455505675e+00
-1.375123247037004504e+00
-1.374054381958312643e+00
-1.363798099455505675e+00
-1.363798099455505675e+00
-1.372425554589765229e+00
-1.363797901687466840e+00
-1.370680130624760462e+00
-1.375307574164941871e+00
-1.371013801129050913e+00
-1.364575773106342593e+00
-1.363798099455505675e+00
-1.363798099455505675e+00
-1.365335976423860842e+00
-1.363798099455505675e+00
-1.372827860158503777e+00
-1.368797104271691545e+00
-1.363798099455505675e+00
-1.375062160510682086e+00
-1.375490090061666004e+00
-1.363797901687466840e+00
-1.363798099455505675e+00
-1.380032269814079671e+00
-1.363798099455505675e+00
-1.363798099455505675e+00
-1.370655415364210761e+00
-1.363798099455505675e+00
-1.363798099455505675e+00
-1.377908921284884514e+00
-1.372756108875443193e+00
-1.363798099455505675e+00
-1.363797901630712017e+00
-1.373178626642835853e+00
-1.365525993946897776e+00
-1.363798099455505675e+00
-1.370704656002903699e+00
-1.370817768046335372e+00
-1.363798099455505675e+00
-1.363798099455505675e+00
-1.375873114972479438e+00
-1.379490170987927700e+00
-1.378039301107464976e+00
-1.371024402324279468e+00
-1.383869726544059153e+00
-1.373092825902634928e+00
-1.363798099455505675e+00
-1.363798099455505675e+00
-1.372628926743099331e+00
-1.377300506123624313e+00
-1.363797901687466840e+00
-1.378461193825538667e+00
-1.363797721766470961e+00
-1.363798099455505675e+00
-1.363798099455505675e+00
-1.363798099455505675e+00
-1.375449709399331422e+00
-1.380359189435571565e+00
-1.363798099455505675e+00
-1.391829868951184990e+00
-1.375447250187386006e+00
-1.365105507773670901e+00
-1.362423599534020147e+00
-1.383011192191285543e+00
-1.377710905159522436e+00
-1.373053928436125615e+00
-1.363798099455505675e+00
-1.363798099455505675e+00
-1.374360818959635022e+00
-1.386723121616972421e+00
-1.379970332901801600e+00
-1.325957606158532753e+00
-1.375803619849021109e+00
-1.383876747167916532e+00
-1.363798099455505675e+00
-1.365529359593495862e+00
-1.347146450341057955e+00
-1.363797901643540644e+00
-1.383865675401588335e+00
-1.373389660663573819e+00
-1.374805646825392413e+00
-1.363798099455505675e+00
-1.365976741016712737e+00
-1.363797901687467062e+00
-1.363798099455505675e+00
-1.363797901687466840e+00
-1.363798099455505675e+00
-1.374235909653979570e+00
-1.363798099455505675e+00
-1.377729046235273147e+00
-1.363798099455505675e+00
-1.373481330652091659e+00
-1.379783109192762813e+00
-1.366885917120872929e+00
-1.361173420774691945e+00
-1.339649388179300349e+00
-1.360833218968466873e+00
-1.363797901687466840e+00
-1.361140670193354829e+00
-1.363797955024834030e+00
-1.377895553687631836e+00
-1.363798099455505675e+00
-1.363798099455505675e+00
-1.366142250244146261e+00
-1.363798099455505675e+00
-1.375970359071487126e+00
-1.363797901620317665e+00
-1.377240933810585544e+00
-1.374517867264089199e+00
-1.363797901687466840e+00
-1.374177417659822265e+00
-1.367034750417623234e+00
-1.363798099455505675e+00
-1.363798099455505675e+00
-1.363798081609591595e+00
-1.363798099455505675e+00
-1.363798099455505675e+00
-1.374628669216026111e+00
-1.373005010163410811e+00
-1.363798099455505675e+00
-1.368655648595553886e+00
-1.368100632105648584e+00
-1.363798099455505675e+00
-1.380011875148271949e+00
-1.363798099455505675e+00
-1.369871735336837038e+00
-1.377247845635720003e+00
-1.363798099455505675e+00
-1.363797901665503742e+00
-1.363798115037334613e+00
-1.374290862259864410e+00
-1.374013135038420153e+00
-1.363798099455505675e+00
-1.382139318574703291e+00
-1.363798099455505675e+00
-1.370068857498051740e+00
-1.363798099455505675e+00
-1.363798099455505675e+00
-1.363798099455505675e+00
-1.363798099455505675e+00
-1.363798099455505675e+00
-1.410328175398566586e+00
-1.363798099455505675e+00
-1.363798099455505675e+00
-1.373420549620492315e+00
-1.391557682531190387e+00
-1.363798099455505675e+00
-1.363797901687466840e+00
-1.374284178237056731e+00
-1.365976741016712737e+00
-1.375401325315399603e+00
-1.326158044737101305e+00
-1.383354280472312903e+00
-1.384399511949155226e+00
-1.363798099455505675e+00
-1.363798099455505675e+00
-1.375223706438906124e+00
-1.367524481060482300e+00
-1.374237388366832180e+00
-1.363798099455505675e+00
-1.363798099455505675e+00
-1.369425252420843897e+00
-1.384119896106291492e+00
-1.365109803259557442e+00
-1.373038589908326612e+00
-1.363797901687466840e+00
-1.361110415909789984e+00
-1.363798099455505675e+00
-1.363798099455505675e+00
-1.385742594631608648e+00
-1.363797901716751193e+00
-1.363798099455505675e+00
-1.363798099455505675e+00
-1.374501743196847148e+00
-1.367516380109551788e+00
-1.363797228213758705e+00
-1.372563708376451252e+00
-1.329124402933988813e+00
-1.363798099455505675e+00
-1.363798099455505675e+00
-1.363798099455505675e+00
-1.363797901687466840e+00
-1.363798099455505675e+00
-1.363798099455505675e+00
-1.363798099455505675e+00
-1.363798099455505675e+00
-1.367650386028047116e+00
-1.373891940541450252e+00
-1.362499579638537073e+00
-1.363798099455505675e+00
-1.347728101545335289e+00
-1.363798099455505675e+00
-1.374811428082785225e+00
-1.363797901687466840e+00
-1.363798115036520819e+00
-1.373552596749821664e+00
-1.379178599996511156e+00
-1.376352049086366103e+00
-1.363797948149702455e+00
-1.375485473945246451e+00
-1.363797931674507025e+00
-1.375565148157359419e+00
-1.363798099455505675e+00
-1.377424816457721857e+00
-1.380673904751531289e+00
-1.363797901687466840e+00
-1.363966549296024899e+00
-1.354604193782264598e+00
-1.363798099455505675e+00
-1.379146310892874094e+00
-1.379790968571623422e+00
-1.375049725312012638e+00
-1.376061007861598462e+00
-1.367002120520857789e+00
-1.363798099455505675e+00
-1.387601854120277700e+00
-1.365528472454255571e+00
-1.379822660800415157e+00
-1.363797946668108052e+00
-1.363798099455505675e+00
-1.369007032714321115e+00
-1.373953201128899071e+00
-1.363798099455505675e+00
-1.363798099455505675e+00
-1.363798099455505675e+00
-1.363798099455505675e+00
-1.375786256337065083e+00
-1.375460018365395110e+00
-1.380148921768646453e+00
-1.363798099455505675e+00
-1.363798099455505675e+00
-1.363798099455505675e+00
-1.363798099455505675e+00
-1.359611640579676983e+00
-1.373686771090887770e+00
-1.375359152026698117e+00
-1.363798099455505675e+00
-1.363798099455505675e+00
-1.370518325127788817e+00
-1.363797901687466840e+00
-1.363798099455505675e+00
-1.344564677673345754e+00
-1.363798099455505675e+00
-1.363798099455505675e+00
-1.346019781883400768e+00
-1.363798099455505675e+00
-1.375485473945246451e+00
-1.325957606136152656e+00
-1.363798099455505675e+00
-1.370708673108433917e+00
-1.368249702975365301e+00
-1.363798099455505675e+00
-1.362726402122065084e+00
-1.363798099455505675e+00
-1.363798099455505675e+00
-1.376042648709814520e+00
-1.342091550766025820e+00
-1.372273239046344351e+00
-1.363798099455505675e+00
-1.363798099455505675e+00
-1.363798099455505675e+00
-1.373824351944883393e+00
-1.372273239046344351e+00
-1.369308016439214848e+00
-1.361138590591177699e+00
-1.383104983504878538e+00
-1.363798099455505675e+00
-1.363797901687466840e+00
-1.358946326714346897e+00
-1.370428680374651931e+00
-1.363798099455505675e+00
-1.363798099455505675e+00
-1.363798099455505675e+00
-1.363798099455505675e+00
-1.371339723447586367e+00
-1.363798099455505675e+00
-1.375833619522508711e+00
-1.383776587622141507e+00
-1.363798099455505675e+00
-1.359944384125123529e+00
-1.367813674073541597e+00
-1.370655415364210761e+00
-1.363798099455505675e+00
-1.370539026511992775e+00
-1.370061465512507182e+00
-1.363798099455505675e+00
-1.427289621613143655e+00
-1.358942841653924427e+00
-1.363797901643540866e+00
-1.363797901665503742e+00
-1.380522998204695151e+00
-1.363798099455505675e+00
-1.382667622945638497e+00
-1.363797946668108052e+00
-1.363797901687466840e+00
-1.363798099455505675e+00
-1.363798099455505675e+00
-1.372830292035149835e+00
-1.322450181789723178e+00
-1.368697422026978527e+00
-1.373137276366824366e+00
-1.346857443582006431e+00
-1.363798115036863878e+00
-1.370972035065732397e+00
-1.363798099455505675e+00
-1.367870837424253416e+00
-1.385939997610639463e+00
-1.375488556825388509e+00
-1.375099613692678302e+00
-1.379769961691589053e+00
-1.387545283801721707e+00
-1.363798099455505675e+00
-1.363798099455505675e+00
-1.363798099455505675e+00
-1.375892674385539305e+00
-1.363797901687466840e+00
-1.363797901687466840e+00
-1.363798788353272506e+00
-1.363798099455505675e+00
-1.363797949650284558e+00
-1.363798099455505675e+00
-1.397800280135079731e+00
-1.363798099455505675e+00
-1.363797901605255491e+00
-1.363798099455505675e+00
-1.365525949526905425e+00
-1.363798099455505675e+00
-1.363798099455505675e+00
-1.365529209590423676e+00
-1.372885729895188867e+00
-1.363798099455505675e+00
-1.377518860038389192e+00
-1.374653337486149596e+00
-1.363798099455505675e+00
-1.363798099455505675e+00
-1.375751634470511631e+00
-1.363797900648842987e+00
-1.358888322535092730e+00
-1.374566541443363432e+00
-1.373191289472506460e+00
-1.347393457434424180e+00
-1.363798099455505675e+00
-1.371031096892653789e+00
-1.357008031013857696e+00
-1.363798099455505675e+00
-1.363798099455505675e+00
-1.363798099455505675e+00
-1.352328968638276674e+00
-1.370834195071640726e+00
-1.370858807461186046e+00
-1.363798099455505675e+00
-1.374400906930060229e+00
-1.363798099455505675e+00
-1.380663436180733727e+00
-1.370389733353251982e+00
-1.363797901643540644e+00
-1.363798099455505675e+00
-1.363798099455505675e+00
-1.361151421697486041e+00
-1.363798099455505675e+00
-1.348068150680127752e+00
-1.363798099455505675e+00
-1.365526122836858480e+00
-1.333269596823968506e+00
-1.373245826247685875e+00
-1.363797901687466840e+00
-1.363798099455505675e+00
-1.363798099455505675e+00
-1.363798099455505675e+00
-1.372446808046827726e+00
-1.363797901687467062e+00
-1.371380677910936319e+00
-1.363798099455505675e+00
-1.363798328384474345e+00
-1.363798099455505675e+00
-1.376644216032556489e+00
-1.377913165299704756e+00
-1.363798099455505675e+00
-1.376677935714206269e+00
-1.364085633961788613e+00
-1.370595354978474845e+00
-1.370315943744654152e+00
-1.373234894632743952e+00
-1.375427776053357531e+00
-1.371048371963174750e+00
-1.363798099455505675e+00
-1.375783151465815424e+00
-1.363798081610150481e+00
-1.360603450000499981e+00
-1.354478716851462927e+00
-1.363798099455505675e+00
-1.347393313403141502e+00
-1.363798099455505675e+00
-1.363798099455505675e+00
-1.363798099455505675e+00
-1.363798099455505675e+00
-1.363798099455505675e+00
-1.363798099455505675e+00
-1.373296817202506404e+00
-1.325957606119118504e+00
-1.363797901687466840e+00
-1.360022465438486483e+00
-1.363797901687466840e+00
-1.380940646782166770e+00
-1.363798468490257543e+00
-1.370996866395450819e+00
-1.363798099455505675e+00
-1.363798099455505675e+00
-1.363798099455505675e+00
-1.378283681479656186e+00
-1.363798099455505675e+00
-1.363798099455505675e+00
-1.382824380283505628e+00
-1.350115129899966959e+00
-1.363798099455505675e+00
-1.371103755746430286e+00
-1.365531892963972815e+00
-1.363798099455505675e+00
-1.363798099455505675e+00
-1.417942032673651598e+00
-1.363797901687466840e+00
-1.363798099455505675e+00
-1.363798099455505675e+00
-1.363798099455505675e+00
-1.382075005486118391e+00
-1.363798099455505675e+00
-1.363798099455505675e+00
-1.363798099455505675e+00
-1.376777163212752786e+00
-1.364462605653195659e+00
-1.388043344654094069e+00
-1.363797901687466840e+00
-1.376302745142713002e+00
-1.347638229886446215e+00
-1.363798099455505675e+00
-1.376027890910354268e+00
-1.367679225968186918e+00
-1.363798099455505675e+00
-1.374265633355270966e+00
-1.363798099455505675e+00
-1.373159291291412343e+00
-1.372518723090242698e+00
-1.369336218025193563e+00
-1.363798099455505675e+00
-1.363798114042684917e+00
-1.363798099455505675e+00
-1.361448788131391030e+00
-1.385868242377150894e+00
-1.363798099455505675e+00
-1.368346734818453703e+00
-1.363797901687466840e+00
-1.324665148038449258e+00
-1.373642554118819081e+00
-1.376422171736981781e+00
-1.363798099455505675e+00
-1.363798099455505675e+00
-1.363798099455505675e+00
-1.363798099455505675e+00
-1.327156775541950440e+00
-1.375223876271522983e+00
-1.373024574984602619e+00
-1.363798099455505675e+00
-1.372820546371050332e+00
-1.380923277140825745e+00
-1.363797901687466840e+00
-1.375660998955266612e+00
-1.363798099455505675e+00
-1.367739084880818412e+00
-1.363798099455505675e+00
-1.374111347601694622e+00
-1.363798099455505675e+00
-1.363798099455505675e+00
-1.367566877249332125e+00
-1.380152143512003660e+00
-1.363798099455505675e+00
-1.398378287112387985e+00
-1.374799117753550570e+00
-1.375253928054846364e+00
-1.378693390896401860e+00
-1.373805672389910359e+00
-1.363798099455505675e+00
-1.375335252897660565e+00
-1.375752902318010618e+00
-1.348721223899002286e+00
-1.374167372021003031e+00
-1.365446906904566049e+00
-1.383938399163382460e+00
-1.363798099455505675e+00
-1.344609327781145947e+00
-1.375307574164941871e+00
-1.363798099455505675e+00
-1.363798099455505675e+00
-1.363798099455505675e+00
-1.376394527740842255e+00
-1.358267726226793926e+00
-1.365529572487295784e+00
-1.365482686980315830e+00
-1.363798099455505675e+00
-1.384143397974892720e+00
-1.379545295117994286e+00
-1.375618150605673051e+00
-1.374498850305510000e+00
-1.373041570098044062e+00
-1.370499059261318875e+00
-1.363798099455505675e+00
-1.342222871466342227e+00
-1.378068803300943168e+00
-1.363798099455505675e+00
-1.363798099455505675e+00
-1.342404368429245709e+00
-1.372246316824888179e+00
-1.385772054728400038e+00
-1.363798099455505675e+00
-1.363798099455505675e+00
-1.363798099455505675e+00
-1.375351396446995444e+00
-1.370969882558911168e+00
-1.387227732181939954e+00
-1.365526138347149310e+00
-1.375702204912772730e+00
-1.397074496711885105e+00
-1.380572238450634481e+00
-1.363798099455505675e+00
-1.363798099455505675e+00
-1.363798115036692238e+00
-1.370600305518356876e+00
-1.363798099455505675e+00
-1.382897411455491277e+00
-1.374812644317934263e+00
-1.363798099455505675e+00
-1.363798099455505675e+00
-1.363798099455505675e+00
-1.347398876647074140e+00
-1.366920900378053583e+00
-1.363798099455505675e+00
-1.375098006847784493e+00
-1.371326802417113688e+00
-1.378012528219102251e+00
-1.369277565208953495e+00
-1.363798099455505675e+00
-1.366676249707102553e+00
-1.373150132399678203e+00
-1.372808128698715047e+00
-1.359681438082772420e+00
-1.363135429527069231e+00
-1.363798099455505675e+00
-1.363798099455505675e+00
-1.363798099455505675e+00
-1.363798099455505675e+00
-1.363798099455505675e+00
-1.375439802416277058e+00
-1.361197700295962765e+00
-1.363798099455505675e+00
-1.363798099455505675e+00
-1.363798099455505675e+00
-1.363798099455505675e+00
-1.372883736371568242e+00
-1.363798099455505675e+00
-1.363797944416809349e+00
-1.391639732644760930e+00
-1.363798099455505675e+00
-1.362209156419615708e+00
-1.367469553845880315e+00
-1.363797946668108052e+00
-1.375364175217684393e+00
-1.363798099455505675e+00
-1.381003803526445584e+00
-1.363798115036687131e+00
-1.375364175217684393e+00
-1.341945208062916839e+00
-1.363798099455505675e+00
-1.369858530665310603e+00
-1.367752785583808528e+00
-1.375334897242344701e+00
-1.370613243256815661e+00
-1.363798099455505675e+00
-1.373819763049554776e+00
-1.380723058803846381e+00
-1.348984579402001671e+00
-1.363798099455505675e+00
-1.375072039569109394e+00
-1.381673682289230820e+00
-1.382075660101420800e+00
-1.363797901722191730e+00
-1.365272311244418280e+00
-1.363798081610150481e+00
-1.367535523588084168e+00
-1.380767621129580291e+00
-1.376495034070240209e+00
-1.376845239026774026e+00
-1.363798099455505675e+00
-1.363798099455505675e+00
-1.363797901671742752e+00
-1.375779493714959667e+00
-1.359019791249074904e+00
-1.371588693724489660e+00
-1.398378287112387985e+00
-1.372660564450370879e+00
-1.350026965618654984e+00
-1.363798099455505675e+00
-1.363798099455505675e+00
-1.363798099455505675e+00
-1.373439353397114093e+00
-1.327764266552233563e+00
-1.375330073411000109e+00
-1.452173503657083975e+00
-1.363798099455505675e+00
-1.363798099455505675e+00
-1.375342252531171372e+00
-1.363798099455505675e+00
-1.363798099455505675e+00
-1.363798099455505675e+00
-1.363798099455505675e+00
-1.378760164588162640e+00
-1.363798099455505675e+00
-1.372618225845305684e+00
-1.368353447639964360e+00
-1.363798099455505675e+00
-1.373765587615864536e+00
-1.363798099455505675e+00
-1.377582959158895060e+00
-1.363798099455505675e+00
-1.363798099455505675e+00
-1.369974105341359882e+00
-1.370811891922681713e+00
-1.363798099455505675e+00
-1.363798099455505675e+00
-1.363797901599614226e+00
-1.377424816457721857e+00
-1.381187744316618504e+00
-1.372713838631413052e+00
-1.377365853426265829e+00
-1.363798099455505675e+00
-1.376540514224108058e+00
-1.373238342482577812e+00
-1.363798099455505675e+00
-1.363798099455505675e+00
-1.363798099455505675e+00
-1.363798115036520819e+00
-1.363798099455505675e+00
-1.375193347374070951e+00
-1.370886619777136106e+00
-1.301454177292995951e+00
-1.376626158922011012e+00
-1.363798099455505675e+00
-1.368115368476239269e+00
-1.374330856542260282e+00
-1.365891623306313862e+00
-1.379882821497311784e+00
-1.363798099455505675e+00
-1.363798099455505675e+00
-1.373279348308392045e+00
-1.363798099455505675e+00
-1.359389797702878377e+00
-1.386190812025551500e+00
-1.363798099455505675e+00
-1.363798099455505675e+00
-1.378067381745688769e+00
-1.374447323711183389e+00
-1.375536617426844632e+00
-1.387894631085939023e+00
-1.349367464028360164e+00
-1.373931122873416788e+00
-1.373638309709183991e+00
-1.363798099455505675e+00
-1.371083675327071427e+00
-1.370835949906814122e+00
-1.374312361328312360e+00
-1.363798099455505675e+00
-1.368828690112482871e+00
-1.363798099455505675e+00
-1.363798099455505675e+00
-1.363798099455505675e+00
-1.363798081610150481e+00
-1.366241187857843320e+00
-1.367443243092538951e+00
-1.363797901928459844e+00
-1.363798099455505675e+00
-1.363798099455505675e+00
-1.363798099455505675e+00
-1.363798099455505675e+00
-1.373614277984952947e+00
-1.357008031009783178e+00
-1.375011593918253006e+00
-1.363797901687466840e+00
-1.368946919134102380e+00
-1.376615898918050140e+00
-1.363798099455505675e+00
-1.377234024543859459e+00
-1.363798099455505675e+00
-1.372177722259569022e+00
-1.363798099455505675e+00
-1.363797901687466840e+00
-1.363798099455505675e+00
-1.363798099455505675e+00
-1.363798361807250892e+00
-1.363797901687466840e+00
-1.363798099455505675e+00
-1.363798099455505675e+00
-1.363798099455505675e+00
-1.374804743377033178e+00
-1.368020983945936742e+00
-1.363798099455505675e+00
-1.371093099720241293e+00
-1.375132840717659510e+00
-1.376815379603409273e+00
-1.384886866925904458e+00
-1.363798099455505675e+00
-1.363798099455505675e+00
-1.388677826956033368e+00
-1.370804300682264110e+00
-1.358349248844084478e+00
-1.363798099455505675e+00
-1.376313694758633188e+00
-1.373038589908326612e+00
-1.363798099455505675e+00
-1.363797721766470961e+00
-1.376559553933508262e+00
-1.363797901665503742e+00
-1.358892390869929301e+00
-1.363798099455505675e+00
-1.383770938806290651e+00
-1.363798099455505675e+00
-1.363798099455505675e+00
-1.363798099455505675e+00
-1.365742750422997087e+00
-1.374845350842905045e+00
-1.378710183581709714e+00
-1.351992954870607555e+00
-1.382658327315257951e+00
-1.363797901687466840e+00
-1.359376321348168659e+00
-1.363798099455505675e+00
-1.374491822787173856e+00
-1.404552596046829249e+00
-1.370271621835690290e+00
-1.363798099455505675e+00
-1.376001303782395269e+00
-1.363797901687466618e+00
-1.363798099455505675e+00
-1.379000562040878730e+00
-1.363798099455505675e+00
-1.363798099455505675e+00
-1.363798099455505675e+00
-1.363798099455505675e+00
-1.370476222194228599e+00
-1.363798099455505675e+00
-1.362401528005163565e+00
-1.377570831429395959e+00
-1.363798099455505675e+00
-1.375204962113245388e+00
-1.363798099455505675e+00
-1.343868089802567223e+00
-1.302776755591226188e+00
-1.370483366028277583e+00
-1.376687917864601429e+00
-1.363798099455505675e+00
-1.363797901687466840e+00
-1.375083848429923261e+00
-1.447351018007363210e+00
-1.384398167462534968e+00
-1.367461520953214604e+00
-1.363798099455505675e+00
-1.355720790894046734e+00
-1.371381862233428617e+00
-1.363797811726482401e+00
-1.381105731050570995e+00
-1.363798099455505675e+00
-1.363797946668108052e+00
-1.372134390783595448e+00
-1.363798099455505675e+00
-1.378402662181668292e+00
-1.360151819331747003e+00
-1.363798115036673142e+00
-1.379472033342484139e+00
-1.364852737452277198e+00
-1.363798099455505675e+00
-1.363797901687466840e+00
-1.363798099455505675e+00
-1.383046957280958278e+00
-1.363798099455505675e+00
-1.380119624370599984e+00
-1.363798099455505675e+00
-1.364164660989876321e+00
-1.363798099455505675e+00
-1.363798099455505675e+00
-1.375660998955266612e+00
-1.363798099455505675e+00
-1.371057760757385058e+00
-1.363798099455505675e+00
-1.363798099455505675e+00
-1.363798099455505675e+00
-1.375649618967302423e+00
-1.363798099455505675e+00
-1.366606514871236744e+00
-1.363797721766470739e+00
-1.363798008362216985e+00
-1.363798099455505675e+00
-1.363798099455505675e+00
-1.363798099455505675e+00
-1.363798099455505675e+00
-1.363798099455505675e+00
-1.363798099455505675e+00
-1.363798099455505675e+00
-1.363798099455505675e+00
-1.374729472598956059e+00
-1.366606625967588862e+00
-1.374835760139796470e+00
-1.363797901752754393e+00
-1.364294052005130320e+00
-1.380379504790383516e+00
-1.363798099455505675e+00
-1.374310812626339029e+00
-1.363798099455505675e+00
-1.372017047813895774e+00
-1.385461857876594927e+00
-1.363797901687466840e+00
-1.363798099455505675e+00
-1.377622149063114421e+00
-1.363798099455505675e+00
-1.374931520396770468e+00
-1.267250796004745883e+00
-1.363797721766470739e+00
-1.363798099455505675e+00
-1.363798099455505675e+00
-1.370584491340259392e+00
-1.376098046711315082e+00
-1.380012844752855017e+00
-1.363797901381186506e+00
-1.370518325127788817e+00
-1.371369367019712460e+00
-1.363798099455505675e+00
-1.363798099455505675e+00
-1.376906369883029058e+00
-1.364136510197721863e+00
-1.371101173221125125e+00
-1.363797901583292393e+00
-1.363798099455505675e+00
-1.372882512705143387e+00
-1.363798099455505675e+00
-1.374096458670398535e+00
-1.364461264637688132e+00
-1.376580886408212523e+00
-1.382683131134166077e+00
-1.369424253604217601e+00
