-1.918238119308779188e+00
-1.829000406285197666e+00
-1.918238119308779188e+00
-1.918238119308779188e+00
-1.918238119308779188e+00
-2.010251284225897273e+00
-1.828121954634157387e+00
-1.833486902876230618e+00
-1.918238119308779188e+00
-2.010162309601419839e+00
-1.832231356638897468e+00
-2.016151777490757802e+00
-1.827995981681929338e+00
-1.918238119308779188e+00
-1.918238119308779188e+00
-2.020664516515375375e+00
-1.918238119308779188e+00
-1.830195865644114628e+00
-1.829690348783113540e+00
-1.918238119308779188e+00
-1.994304891596350604e+00
-1.830670794231397780e+00
-1.918238119308779188e+00
-1.998536511112300129e+00
-1.918238119308779188e+00
-2.031939191890448804e+00
-1.895771473180705602e+00
-1.918238119308779188e+00
-1.918238119308779188e+00
-1.881574325975219120e+00
-1.918237840537012850e+00
-2.005383709460992758e+00
-1.831227879879816278e+00
-1.829428477950737042e+00
-1.918237840390433213e+00
-1.918238119308779188e+00
-1.995979260982382542e+00
-1.918238119308779188e+00
-1.829985213844832481e+00
-2.009277388482746840e+00
-1.908727207907419787e+00
-1.827817431638631085e+00
-2.039370545187510597e+00
-1.932623463286825993e+00
-2.005355737602986910e+00
-1.918238119308779188e+00
-1.921851250108946640e+00
-1.918238119308779188e+00
-1.996220453052687693e+00
-1.918238119308779188e+00
-1.918238119308779188e+00
-1.918237840390433213e+00
-1.918238119308779188e+00
-1.819738706885540180e+00
-1.918237840243437020e+00
-1.918440475140168910e+00
-1.895771473180705602e+00
-1.828291113750974528e+00
-2.001658558629518581e+00
-1.918238119308779188e+00
-1.997088473434295297e+00
-1.918238119308779188e+00
-1.918238119308779188e+00
-1.926082181696069817e+00
-2.013567343662905795e+00
-1.999520005871193495e+00
-1.932623590980515838e+00
-1.827658847891919347e+00
-1.918238119308779188e+00
-1.918238119308779188e+00
-1.830593661173482323e+00
-1.828562568253169207e+00
-2.016346819772521393e+00
-1.918238119308779188e+00
-2.017275437210006128e+00
-1.918238119308779188e+00
-1.955828630806219603e+00
-1.996942278647853009e+00
-1.918238119308779188e+00
-1.918238119308779188e+00
-1.994552912599751870e+00
-1.918238119308779188e+00
-2.005029169056270266e+00
-1.918238119308779188e+00
-1.942720734280687145e+00
-1.918237840390433213e+00
-1.830193524484219347e+00
-1.918238119308779188e+00
-1.828412050134451849e+00
-1.826932880395305991e+00
-1.918237915439092278e+00
-2.011524039166803224e+00
-1.918238119308779188e+00
-1.831955345646374633e+00
-1.918238119308779188e+00
-1.918238119308779188e+00
-1.918237272519477621e+00
-1.918238119308779188e+00
-1.996940135983568343e+00
-1.918320499720702177e+00
-1.826558905418975032e+00
-1.918238119308779188e+00
-1.907343247974684131e+00
-1.827717915631053236e+00
-1.946313340487886956e+00
-1.918238119308779188e+00
-1.918237840390433213e+00
-1.830872626466541808e+00
-1.918238119308779188e+00
-1.918237840390433879e+00
-1.827937603114701437e+00
-1.918238119308779188e+00
-1.918236637903886432e+00
-1.827798276498430852e+00
-1.918238119308779188e+00
-1.998110810115409031e+00
-1.918238119308779188e+00
-1.932623585125054833e+00
-2.008322151773975772e+00
-2.008071924705704170e+00
-1.918238119308779188e+00
-1.918238119308779188e+00
-1.918238140584480167e+00
-1.829939592643323065e+00
-2.016423927764837032e+00
-1.918238119308779188e+00
-1.918238119308779188e+00
-1.918238119308779188e+00
-1.869496039707415846e+00
-2.005817358181015919e+00
-1.918238119308779188e+00
-1.918238140585627027e+00
-2.017137366945291443e+00
-1.918238119308779188e+00
-2.002126102813707398e+00
-2.017506010126949967e+00
-1.824479068399233350e+00
-1.918238119308779188e+00
-1.902182374906354667e+00
-1.918237599893312328e+00
-1.918238119308779188e+00
-1.918238119308779188e+00
-1.918238119308779188e+00
-1.847757006229415744e+00
-1.898125404589153575e+00
-1.918238119308779188e+00
-1.831616441394366079e+00
-2.007628360063097972e+00
-1.918238119308779188e+00
-1.918238119308779188e+00
-2.019640816065257471e+00
-1.815738730604582463e+00
-1.999262490629047262e+00
-1.918238119308779188e+00
-1.918238140583334195e+00
-1.827866733204281058e+00
-1.918238119308779188e+00
-1.829813871389388780e+00
-2.002030270862016792e+00
-1.918237847441252475e+00
-1.918238119308779188e+00
-1.999735403509661724e+00
-1.918237840390433213e+00
-1.823863503159296462e+00
-1.830031617593001148e+00
-1.824208444042379362e+00
-1.988301527388657286e+00
-2.008503464396028004e+00
-1.918238119308779188e+00
-1.918238119308779188e+00
-1.828361147181056801e+00
-1.826622356612300990e+00
-1.994384285887465857e+00
-1.830976957965239960e+00
-1.918238119308779188e+00
-1.830299370342313603e+00
-1.918237840390433213e+00
-1.918238119308779188e+00
-2.010817423586974684e+00
-2.006700284806337997e+00
-1.925118812655017608e+00
-1.823729084915360010e+00
-1.995624674629338458e+00
-1.827039680684199086e+00
-2.007668213225886067e+00
-1.826644729592249439e+00
-1.826854149295693341e+00
-1.918238119308779188e+00
-1.918238119308779188e+00
-1.918238119308779188e+00
-1.918238119308779188e+00
-1.918238119308779188e+00
-1.918238119308779188e+00
-2.005726130439258625e+00
-1.918238119308779188e+00
-1.830808050579534552e+00
-1.918238119308779188e+00
-2.007871821465883055e+00
-1.918238119308779188e+00
-2.016359144918507429e+00
-1.918238119308779188e+00
-1.918238119308779188e+00
-1.918238119308779188e+00
-1.918238119308779188e+00
-1.918238119308779188e+00
-1.918237840390433213e+00
-1.834273889514593581e+00
-1.918236637903886432e+00
-1.994581550931948000e+00
-2.008912644077493148e+00
-1.918238119308779188e+00
-1.830252530912047426e+00
-2.011292854317392909e+00
-1.918238119308779188e+00
-1.981648297378984180e+00
-1.830247333449479319e+00
-1.918238119308779188e+00
-1.918238119308779188e+00
-1.918238119308779188e+00
-2.007438786542398379e+00
-1.827045948603434944e+00
-1.910283398011875855e+00
-1.918238119308779188e+00
-2.002479217803009082e+00
-1.918238119308779188e+00
-2.010734873390888744e+00
-1.918238119308779188e+00
-1.830718516483038405e+00
-2.016417305038093577e+00
-1.981726355011539820e+00
-1.918238119308779188e+00
-1.881052321822569429e+00
-1.918237840096857605e+00
-2.016383871516710613e+00
-1.918238119308779188e+00
-1.918238119308779188e+00
-1.827564216635980898e+00
-1.918238119308779188e+00
-1.918237840390433435e+00
-1.918238119308779188e+00
-1.918237840390433213e+00
-1.955828630806219603e+00
-1.828478515143928673e+00
-1.918238119308779188e+00
-2.007471306270482536e+00
-1.918238119308779188e+00
-1.827491445676222792e+00
-1.918238119308779188e+00
-1.918238119308779188e+00
-1.918238119308779188e+00
-1.850226388273372491e+00
-1.918238119308779188e+00
-1.918237840390433213e+00
-1.918238119308779188e+00
-1.918237915439092278e+00
-2.007639553603863813e+00
-1.918238119308779188e+00
-1.918238119308779188e+00
-1.918238119308779188e+00
-2.015747942157342099e+00
-2.004835051097193954e+00
-1.918238119308779188e+00
-1.918238119308779188e+00
-1.918238119308779188e+00
-1.918237840390433213e+00
-1.828537003835670749e+00
-1.918238119308779188e+00
-2.018104570433674638e+00
-1.918238119308779188e+00
-1.918239042865497845e+00
-1.830523273054297295e+00
-1.827756860404878614e+00
-1.829018818249868783e+00
-1.826854537622944363e+00
-1.927564135362664244e+00
-1.918238119308779188e+00
-1.926424455509673228e+00
-1.829588398306337238e+00
-1.918238119308779188e+00
-1.899043540213322334e+00
-1.995949902540269827e+00
-2.006690342789160919e+00
-2.003075353999226316e+00
-1.918237840243645520e+00
-1.918238140585625251e+00
-1.918238119308779188e+00
-2.001975703665029638e+00
-2.004203146427222304e+00
-1.918238119308779188e+00
-1.994979513858211595e+00
-1.822959567286224880e+00
-2.012574669299793673e+00
-1.767555265619122018e+00
-1.993428816293242090e+00
-1.918238119308779188e+00
-1.918238119308779188e+00
-2.066294092594767040e+00
-2.021922782083756420e+00
-1.918238119308779188e+00
-1.918238119308779188e+00
-1.918238119308779188e+00
-1.877408362215843951e+00
-1.918237840390433213e+00
-1.828548230257070584e+00
-1.918238119308779188e+00
-1.830173141946764170e+00
-1.862283143834231991e+00
-2.015606600183382557e+00
-2.017127839395073785e+00
-1.828903246632962221e+00
-1.907619513457745386e+00
-1.918238119308779188e+00
-1.819646116841185046e+00
-1.828621611449852802e+00
-1.918238119308779188e+00
-1.906108276246920141e+00
-1.918238119308779188e+00
-2.016731028553644833e+00
-1.918238119308779188e+00
-1.918238119308779188e+00
-1.918238119308779188e+00
-1.918238119308779188e+00
-2.010288603487661696e+00
-1.918238119308779188e+00
-1.918238119308779188e+00
-1.918237840586150433e+00
-2.010624918439523956e+00
-1.918238119308779188e+00
-1.828843418011431687e+00
-1.898977678463630969e+00
-1.918237842069947297e+00
-1.826378209228947336e+00
-1.883830282793898414e+00
-1.920413605297547788e+00
-1.918238119308779188e+00
-1.918238119308779188e+00
-1.918238119308779188e+00
-1.918237840390433213e+00
-1.918238119308779188e+00
-1.918238119308779188e+00
-2.019746652542490750e+00
-1.819807370878387731e+00
-1.906420013279150005e+00
-1.918238119308779188e+00
-1.918238119308779188e+00
-1.830045688305769858e+00
-1.918238119308779188e+00
-2.003154552788641851e+00
-1.918237840390432991e+00
-1.918238140584480167e+00
-1.827707220593322912e+00
-2.009585578253470839e+00
-2.005383709460992758e+00
-1.918238143096399062e+00
-1.830283945155167347e+00
-1.918238040805109401e+00
-1.918238119308779188e+00
-1.828795477167246997e+00
-2.007020323725166033e+00
-2.011698907846935391e+00
-1.918237840390433213e+00
-1.918460894778813319e+00
-1.918238119308779188e+00
-1.830726058487332608e+00
-2.009526648341768862e+00
-2.010403158858610428e+00
-1.918238119308779188e+00
-1.918238119308779188e+00
-1.962188822220740425e+00
-2.020751036701296854e+00
-1.918238119308779188e+00
-1.918238119308779188e+00
-2.010512930671680465e+00
-1.918238141011712417e+00
-1.827076958392536365e+00
-1.944538668745103616e+00
-2.001966558989920930e+00
-1.918237840390433213e+00
-1.926059757701908515e+00
-2.020407632407140941e+00
-1.925446793439647974e+00
-1.918238119308779188e+00
-1.830235451046460904e+00
-2.010927171184456963e+00
-1.925453942793986295e+00
-1.918238119308779188e+00
-1.994257457113143284e+00
-1.932623631737105940e+00
-1.918238119308779188e+00
-2.001585978829434787e+00
-1.918238119308779188e+00
-1.918238119308779188e+00
-1.918238119308779188e+00
-1.853880274782653714e+00
-1.918237840390433213e+00
-1.999904820268732397e+00
-1.918238119308779188e+00
-1.918238119308779188e+00
-1.997808167013666480e+00
-1.918238119308779188e+00
-1.925015290741446172e+00
-1.830283945155167347e+00
-1.918238119308779188e+00
-1.994968573288639746e+00
-1.918238119308779188e+00
-1.918238119308779188e+00
-1.918238119308779188e+00
-1.912767844879176726e+00
-1.918238119308779188e+00
-1.932623524526729808e+00
-2.004946732915674268e+00
-1.870264911669193397e+00
-1.918238119308779188e+00
-1.998080434846211784e+00
-1.918238141011712417e+00
-1.830119816105997943e+00
-1.828074792542002003e+00
-1.918238119308779188e+00
-1.918238119308779188e+00
-1.918238119308779188e+00
-2.015297180220064543e+00
-1.918238119308779188e+00
-1.918237840390433213e+00
-1.918238119308779188e+00
-1.996758850171958199e+00
-1.906106820629868803e+00
-1.980190471817890430e+00
-1.918238119308779188e+00
-1.918238119308779188e+00
-1.918238119308779188e+00
-1.918238119308779188e+00
-1.830687295771201040e+00
-2.016267955166618719e+00
-1.828031895952721753e+00
-1.918238119308779188e+00
-1.820030273592579961e+00
-1.823729084915360010e+00
-1.827891829460446926e+00
-1.823619575068954113e+00
-1.918238119308779188e+00
-1.832428066482635121e+00
-1.918238119308779188e+00
-1.918238119308779188e+00
-1.918237840096857827e+00
-1.918237840243645520e+00
-1.918238119308779188e+00
-1.918238119308779188e+00
-2.014659741485096855e+00
-1.918238141011712417e+00
-1.918237840390433213e+00
-1.945599275766698666e+00
-1.981726355011539820e+00
-1.918238119308779188e+00
-1.786310568286937128e+00
-1.821132982901915165e+00
-2.000772912843460372e+00
-1.890024350955469723e+00
-1.918238140586773666e+00
-1.918238119308779188e+00
-1.918238119308779188e+00
-1.820110149955867840e+00
-1.918238119308779188e+00
-1.918238119308779188e+00
-1.918238119308779188e+00
-2.010433381126787822e+00
-1.918238119308779188e+00
-1.918238119308779188e+00
-1.925581898828342631e+00
-1.918238119308779188e+00
-1.918238119308779188e+00
-1.918237840390433213e+00
-1.918237840390433213e+00
-1.918238138766294121e+00
-1.924416897881398469e+00
-1.918238143353653724e+00
-1.909769890090276867e+00
-2.007171196770518584e+00
-1.828354778032529770e+00
-1.918237840390641713e+00
-1.918238119308779188e+00
-1.918238119308779188e+00
-1.955828630806219603e+00
-1.906110749213502986e+00
-1.918238119308779188e+00
-1.826867518449400540e+00
-1.918238119308779188e+00
-2.007091851062980936e+00
-1.829146734661741602e+00
-1.830682369790566533e+00
-1.918238119308779188e+00
-2.004582178764326983e+00
-1.918238119308779188e+00
-1.918238119308779188e+00
-1.829057829942779545e+00
-1.827240756153238666e+00
-1.895156456098888720e+00
-1.932623851266729975e+00
-1.997623389552604101e+00
-1.901436792097493500e+00
-1.828596152801560848e+00
-1.918238119308779188e+00
-1.917023083595114308e+00
-1.918238119308779188e+00
-1.824065002022219550e+00
-1.918238119308779188e+00
-1.831955345646374633e+00
-1.918238119308779188e+00
-1.858063176409067374e+00
-1.946983658617943425e+00
-1.934383955284413537e+00
-1.918237840096857605e+00
-1.906110885236124375e+00
-1.918238119308779188e+00
-1.918238119308779188e+00
-1.826973716673649051e+00
-1.881738112469756752e+00
-1.831365915855622140e+00
-1.918238119308779188e+00
-1.890409940477761230e+00
-1.918238119308779188e+00
-1.918237840390433213e+00
-1.918237840978001651e+00
-2.000431696397177994e+00
-1.995703207887662645e+00
-1.826131123535017720e+00
-1.918237840390433435e+00
-1.918238119308779188e+00
-1.918238119308779188e+00
-1.918238440776981246e+00
-1.906110274254786185e+00
-1.918238119308779188e+00
-2.007665986454827411e+00
-1.918238119308779188e+00
-1.831877253211779077e+00
-1.918238119308779188e+00
-1.918238119308779188e+00
-1.996585925656598093e+00
-1.918238119308779188e+00
-1.830183574561021320e+00
-1.824357784172967456e+00
-1.918238119308779188e+00
-1.881416078810669079e+00
-1.918239042873526978e+00
-1.892089923616117275e+00
-1.903533641139417032e+00
-2.002644638188607384e+00
-1.895156253440872574e+00
-1.918238119308779188e+00
-1.830720928298483319e+00
-1.918701400774989851e+00
-1.908423324532246612e+00
-1.823857895428951936e+00
-1.894017685063705603e+00
-1.918238119308779188e+00
-1.918238119308779188e+00
-1.918237840390433213e+00
-1.914765467162829804e+00
-1.918238119308779188e+00
-1.918238119308779188e+00
-1.918237688591920564e+00
-1.997661086804624730e+00
-1.975567164899422190e+00
-1.829576804542197843e+00
-2.007717156422935023e+00
-1.918238119308779188e+00
-1.918238119308779188e+00
-1.918238119308779188e+00
-2.014891992716291824e+00
-1.899208752831496705e+00
-1.918238141011712417e+00
-1.918238119308779188e+00
-1.918238119308779188e+00
-1.989782219235886274e+00
-1.918238119308779188e+00
-2.093223365512770773e+00
-1.918237840390433213e+00
-1.809494252798815150e+00
-1.827056078936079908e+00
-2.001821593823427392e+00
-1.918238119308779188e+00
-1.999765103454143489e+00
-1.918238119308779188e+00
-1.918238119308779188e+00
-1.832013123400891841e+00
-1.917811815395250807e+00
-1.964816500579039893e+00
-1.918237840390432991e+00
-1.831303394751743863e+00
-1.918238119308779188e+00
-2.005316784477228609e+00
-1.831023103349560088e+00
-1.819843803419388450e+00
-1.918238140585052820e+00
-1.828601283870479710e+00
-1.894534931373808462e+00
-1.827062486913035855e+00
-1.826206907421970227e+00
-1.926232159304754221e+00
-1.850970455577684026e+00
-1.918238133942326895e+00
-1.929082649824556128e+00
-1.918238119308779188e+00
-1.918238119308779188e+00
-1.829545165222676628e+00
-1.918238119308779188e+00
-1.918237840390433213e+00
-1.830663994391247273e+00
-1.827697794849238777e+00
-1.918238119308779188e+00
-1.828488513608582000e+00
-1.830853543304321818e+00
-1.918237840390433213e+00
-1.951411076393136490e+00
-1.913397669183929395e+00
-1.918238119308779188e+00
-1.933165051091294551e+00
-1.986808455702762322e+00
-1.826614985825409043e+00
-2.012069199549903598e+00
-1.918237840390433213e+00
-1.830375634641752569e+00
-1.918238119308779188e+00
-1.918238119308779188e+00
-2.018717228582589396e+00
-1.828392288469451010e+00
-1.827037573221889533e+00
-1.830077824005150955e+00
-1.860041315531183237e+00
-2.010998035188181099e+00
-1.991413254985249903e+00
-2.048783731783673012e+00
-1.829375173605760629e+00
-1.829985669095449463e+00
-1.918238119308779188e+00
-2.001750867256932853e+00
-1.828210507840553500e+00
-1.918238119308779188e+00
-1.830661465238612173e+00
-1.883272047471015620e+00
-1.828463733149472192e+00
-1.925564412293576222e+00
-2.016506110602818147e+00
-2.009335524133815110e+00
-1.918238119308779188e+00
-1.830031617593001148e+00
-2.005817358181015919e+00
-1.906109635833313387e+00
-1.827566216171119029e+00
-1.831358265022229315e+00
-1.918238119308779188e+00
-1.918238119308779188e+00
-1.918238119308779188e+00
-1.930787731629752368e+00
-1.933331254530300969e+00
-1.918238119308779188e+00
-1.830467102293403592e+00
-1.918238119308779188e+00
-1.827015501475290682e+00
-1.823625999818462740e+00
-2.010403618401432446e+00
-1.918238119308779188e+00
-2.007889070804005360e+00
-2.003155688647372479e+00
-1.998649326938274129e+00
-1.907060486162568846e+00
-1.825854043089353729e+00
-1.949163725426088289e+00
-1.949755479454080787e+00
-1.918237840390433213e+00
-2.008345903645678554e+00
-2.003965467396513489e+00
-1.824234652664731948e+00
-1.918238119308779188e+00
-1.918238119308779188e+00
-1.830582947667897642e+00
-2.005166094220285800e+00
-1.918238119308779188e+00
-1.918238119308779188e+00
-1.918238119308779188e+00
-1.918238140585627027e+00
-1.823701196182100803e+00
-1.918238119308779188e+00
-2.014967722104167525e+00
-1.829260155487340223e+00
-1.828329502051933009e+00
-1.926340821795067937e+00
-1.829596128826479262e+00
-1.918238119308779188e+00
-1.918238119308779188e+00
-1.825419355808940658e+00
-1.829634499118211188e+00
-1.918238119308779188e+00
-1.918238119308779188e+00
-1.918238119308779188e+00
-1.998061396811628088e+00
-1.918238119308779188e+00
-2.000790320389416177e+00
-2.000217353553472410e+00
-1.918238119308779188e+00
-1.819745406913515939e+00
-1.913918928366878269e+00
-1.906107691208267507e+00
-1.898944519432594902e+00
-1.827972562281275914e+00
-1.999309861152092971e+00
-1.830243113071817751e+00
-1.918238119308779188e+00
-1.998161767563440439e+00
-1.831873486367120885e+00
-1.918238119308779188e+00
-1.827331266427200562e+00
-2.000407191248996686e+00
-1.989734734891298595e+00
-1.918237900826662568e+00
-1.979991058731468856e+00
-1.918238119308779188e+00
-1.918238119308779188e+00
-1.918238119308779188e+00
-1.918238141011712417e+00
-1.830125968810748294e+00
-1.918238119308779188e+00
-1.918238119308779188e+00
-1.918238140585592166e+00
-1.830125968810748294e+00
-1.918238119308779188e+00
-1.918238119308779188e+00
-1.918238119308779188e+00
-1.918238119308779188e+00
-1.830077350103477718e+00
-1.930765232841415102e+00
-1.908527962738810979e+00
-2.001787181394465875e+00
-1.997518333538512270e+00
-1.889654320253088882e+00
-1.823659542920581966e+00
-1.829605548830927297e+00
-1.991786269628945671e+00
-1.979085009543194218e+00
-1.918237840439293240e+00
-1.918238119308779188e+00
-1.918238119308779188e+00
-1.819651709884297475e+00
-1.918238119308779188e+00
-1.918238119308779188e+00
-1.832103431438212304e+00
-1.997966075644506789e+00
-2.011178944660774626e+00
-1.918237840285343498e+00
-1.918238119308779188e+00
-1.918238119308779188e+00
-1.918238119308779188e+00
-2.048783731783673012e+00
-1.826516613961462587e+00
-1.869682610873660167e+00
-1.890746178063504646e+00
-1.918238119308779188e+00
-1.932622992570516063e+00
-1.918238119308779188e+00
-1.918238119308779188e+00
-1.829948854181992157e+00
-1.918238119308779188e+00
-1.996961134344143574e+00
-1.829874643957989377e+00
-1.918238119308779188e+00
-1.827821223343523815e+00
-1.829519116839922965e+00
-1.815606813731438285e+00
-1.918238119308779188e+00
-2.008903949963004365e+00
-1.918238119308779188e+00
-1.826333727729848810e+00
-1.918238119308779188e+00
-1.831593817171871530e+00
-1.918238119308779188e+00
-1.832379075970615556e+00
-2.007248135235025099e+00
-1.829751549943864353e+00
-1.828905047458623701e+00
-1.918238119308779188e+00
-1.906765364896979786e+00
-1.918238141011712417e+00
-1.824169964291441737e+00
-1.918237839803281775e+00
-2.007020323725166033e+00
-2.012446846560244751e+00
-1.912226842178999631e+00
-1.918238119308779188e+00
-1.815602625159786099e+00
-2.005666761023643829e+00
-1.918238119308779188e+00
-1.918238119308779188e+00
-1.908375674833683755e+00
-1.918238119308779188e+00
-1.918238140584480167e+00
-1.918238119308779188e+00
-1.918238119308779188e+00
-1.824047332508878849e+00
-1.882789941604673167e+00
-1.918238119308779188e+00
-1.918238119308779188e+00
-1.918238119308779188e+00
-1.828678947277114109e+00
-1.918238119308779188e+00
-2.010608512625048139e+00
-2.009097516319879428e+00
-1.918238119308779188e+00
-1.827231308287955880e+00
-1.918238119308779188e+00
-1.907619199171126212e+00
-1.918238119308779188e+00
-1.823959714281717659e+00
-1.918238119308779188e+00
-2.007892559432783219e+00
-1.939246212665848068e+00
-1.918238119308779188e+00
-1.918238119308779188e+00
-1.909943347666924085e+00
-2.001856060231302248e+00
-1.918238119308779188e+00
-1.922917311648298710e+00
-1.918238119308779188e+00
-1.918238119308779188e+00
-2.002484879202937496e+00
-2.010723443942015187e+00
-1.903814022221725022e+00
-1.991559365468588361e+00
-1.993610375608763308e+00
-1.918238119308779188e+00
-1.918238119308779188e+00
-1.927485191870895509e+00
-1.918238119308779188e+00
-1.918237839802448219e+00
-1.829036506852635302e+00
-1.918238119308779188e+00
-1.829000406285197666e+00
-2.014591019658853455e+00
-1.918238119308779188e+00
-1.901436792107752183e+00
-1.829590458480448101e+00
-1.918238119308779188e+00
-1.994671537826883556e+00
-1.831644586220388948e+00
-2.003830970818458734e+00
-1.918238119308779188e+00
-1.998753224210126689e+00
-1.918238119308779188e+00
-1.906107676586050292e+00
-1.918238119308779188e+00
-1.998306392209640459e+00
-1.918237840097274383e+00
-1.918237538469357739e+00
-1.918237840390432103e+00
-1.906110336714123887e+00
-1.832370999401527811e+00
-1.918238142451338835e+00
-1.829258579896639869e+00
-1.927142113617712038e+00
-1.869703561198569952e+00
-1.824315889212117625e+00
-1.829832880037336462e+00
-1.918238119308779188e+00
-1.918238119308779188e+00
-2.020240589022727296e+00
-1.828683063397983588e+00
-2.021613228179935717e+00
-1.823946583994282333e+00
-1.918238119308779188e+00
-1.932623764965358149e+00
-1.918238119308779188e+00
-1.918238119308779188e+00
-1.918238119308779188e+00
-1.918236637903886432e+00
-1.918238119308779188e+00
-1.918237840243645520e+00
-1.918238119308779188e+00
-2.008493933658200614e+00
-2.016269365959232562e+00
-1.829333220789293613e+00
-1.829763849879880055e+00
-1.918238119308779188e+00
-1.946882721919719117e+00
-2.003207986784893979e+00
-2.008828389456173813e+00
-1.834517449542264922e+00
-1.918238119308779188e+00
-1.918237840390433213e+00
-1.918238119308779188e+00
-1.918238119308779188e+00
-1.828843693810800142e+00
-2.059476830898456789e+00
-1.918238119308779188e+00
-1.815347617393588520e+00
-1.918238119308779188e+00
-1.918237840390432991e+00
-2.022131254351907881e+00
-2.009248638253796848e+00
-1.825366187732785139e+00
-2.014654614334327132e+00
-1.918238119308779188e+00
-1.829640943550687293e+00
-1.918238119308779188e+00
-1.827828277513130484e+00
-1.918238119308779188e+00
-2.007235412240497840e+00
-1.918238119308779188e+00
-1.918238119308779188e+00
-1.930873803653149645e+00
-1.918238119308779188e+00
-1.789646191536805375e+00
-1.996919131002928172e+00
-1.831905887820280077e+00
-1.918238119308779188e+00
-1.918237840390433213e+00
-1.829878236196624153e+00
-1.918238119308779188e+00
-1.918238119308779188e+00
-1.918238119308779188e+00
-1.918238119308779188e+00
-1.912100719983505170e+00
-1.918238119308779188e+00
-1.918237239146300066e+00
-2.012384579232996629e+00
-1.918238119308779188e+00
-1.918238141011712417e+00
-1.999247313348096577e+00
-1.918238119308779188e+00
-2.008445521195202144e+00
-1.889900340730440220e+00
-1.918238140585499574e+00
-2.009946695573060271e+00
-1.918238119308779188e+00
-2.009341438751645281e+00
-1.918237840390433213e+00
-1.822360596304894553e+00
-1.918238119308779188e+00
-1.918238119308779188e+00
-2.010954137235771100e+00
-1.918238119308779188e+00
-1.918238119308779188e+00
-1.918238119308779188e+00
-1.974794487178068492e+00
-1.830375634641752569e+00
-1.830005035044735440e+00
-1.918238119308779188e+00
-1.918238119308779188e+00
-1.998500439777648907e+00
-1.885669848076629851e+00
-1.830364833888047160e+00
-1.998429293984685495e+00
-1.918238119308779188e+00
-1.918236637903886654e+00
-1.918237990488225186e+00
-1.918238119308779188e+00
-1.827753871348553272e+00
-1.991379232390572351e+00
-1.918238119308779188e+00
-1.830750022111893305e+00
-1.997380573006236171e+00
-2.009299243888926334e+00
-1.829214448332826537e+00
-1.918238119308779188e+00
-1.918238119308779188e+00
-1.918238119308779188e+00
-1.918237838628145342e+00
-1.918238119308779188e+00
-2.011324420298167048e+00
-1.823305121219074731e+00
-1.828599204335694672e+00
-1.819475216842600940e+00
-1.918238119308779188e+00
-1.955452462440119499e+00
-1.918237840390433213e+00
-1.918238119308779188e+00
-1.833357780383257030e+00
-2.014590800696341333e+00
-1.829418358808549971e+00
-1.782401822948074033e+00
-1.918236637903886654e+00
-1.831710430686148694e+00
-1.918238119308779188e+00
-1.823642716986212164e+00
-2.005027185833989201e+00
-1.918238119308779188e+00
-1.918237842740706300e+00
-1.853880274782653714e+00
-1.918238119308779188e+00
-1.941435562666805170e+00
-2.010860568574328155e+00
-2.006211673855235578e+00
-1.918238119308779188e+00
-1.918238119308779188e+00
-1.918237840243853798e+00
-1.822453850447768753e+00
-2.000403656057252455e+00
-1.918238119308779188e+00
-1.918238119308779188e+00
-1.918238119308779188e+00
-1.831730642413426757e+00
-2.014631365140683084e+00
-1.995295140703150727e+00
