-1.660371896697760752e+00
-1.494170526732782500e+00
-1.554495220168426117e+00
-1.497835430995621886e+00
-1.562383226431322658e+00
-1.537560785436050903e+00
-1.504167448624765813e+00
-1.486873642281809182e+00
-1.507578550669939510e+00
-1.537490182945139283e+00
-1.496809174740990844e+00
-1.542109807861589799e+00
-1.476876545593077461e+00
-1.680721436827335546e+00
-1.554495220168426117e+00
-1.545552576096414166e+00
-1.554495220168426117e+00
-1.484205978363389855e+00
-1.505457678505419450e+00
-1.541286850394280927e+00
-1.663604910980430729e+00
-1.495534730780183841e+00
-1.507577517466497596e+00
-1.528643688796710753e+00
-1.508919730440356766e+00
-1.564569823285618666e+00
-1.581410518608886262e+00
-1.657683528480269342e+00
-1.675745928599325252e+00
-1.569567573273642491e+00
-1.554495220168426117e+00
-1.554495220168426117e+00
-1.495989667841871817e+00
-1.494520124091867297e+00
-1.507577517466497596e+00
-1.544624415998013145e+00
-1.665001632798158271e+00
-1.528084282954422335e+00
-1.494974824981163408e+00
-1.536852831551287712e+00
-1.592217905186318561e+00
-1.503916928787436769e+00
-1.567113318612952666e+00
-1.563764584624924403e+00
-1.533816824748816199e+00
-1.659887875968195425e+00
-1.509472940906293470e+00
-1.554495220168426117e+00
-1.665202829873926316e+00
-1.497716604544002017e+00
-1.554495220168426117e+00
-1.507577517466497596e+00
-1.554495220168426117e+00
-1.486605970142917288e+00
-1.600151463754729386e+00
-1.507166285423727548e+00
-1.581410518608886262e+00
-1.482661875760936887e+00
-1.669739176958576321e+00
-1.496736430699236564e+00
-1.527531662713695670e+00
-1.571097516565890473e+00
-1.661276736498816353e+00
-1.558468539030392064e+00
-1.540141402969722240e+00
-1.554495220168426117e+00
-1.563764642685122386e+00
-1.493074864718922701e+00
-1.497182153973886987e+00
-1.484867559266952908e+00
-1.495471713479929354e+00
-1.504529906961255437e+00
-1.542253821571633488e+00
-1.656753893197211225e+00
-1.542970218001230354e+00
-1.554495220168426117e+00
-1.525888514636818405e+00
-1.665804960754087016e+00
-1.535093525439182649e+00
-1.567113318612952666e+00
-1.663811804616402767e+00
-1.538070532223525300e+00
-1.533608640356892039e+00
-1.487428044188354725e+00
-1.521628326555945820e+00
-1.600151463877350189e+00
-1.478651247780722100e+00
-1.496237468333401210e+00
-1.482759902490147885e+00
-1.492481950378566680e+00
-1.507577576436245348e+00
-1.554495220168426117e+00
-1.557713201419408611e+00
-1.485632169536343028e+00
-1.478389301867039984e+00
-1.476858683756750557e+00
-1.600150990171992582e+00
-1.478674192539533472e+00
-1.665803173425141726e+00
-1.600220416457446060e+00
-1.492176502812410543e+00
-1.668738457112384888e+00
-1.533125853658789284e+00
-1.503835062319179627e+00
-1.522855086926333312e+00
-1.555053055871068235e+00
-1.554495220168426117e+00
-1.495699569228096326e+00
-1.537390760402916667e+00
-1.507577517466498040e+00
-1.493302495150586662e+00
-1.483627828192522813e+00
-1.600150460789740992e+00
-1.482262348213730485e+00
-1.554495220168426117e+00
-1.528266875179064455e+00
-1.492673177595846168e+00
-1.563764662946312001e+00
-1.554495220168426117e+00
-1.535930574083078870e+00
-1.536041025695822348e+00
-1.571099316571815008e+00
-1.507577753345028082e+00
-1.494937575505351113e+00
-1.542314795909833780e+00
-1.507577517466497596e+00
-1.565949729806670687e+00
-1.511646654276115775e+00
-1.554495220168426117e+00
-1.673208355282531645e+00
-1.568316205350716031e+00
-1.507577753345520799e+00
-1.554495220168426117e+00
-1.478123048131446460e+00
-1.531382348679251271e+00
-1.554495220168426117e+00
-1.479571449657659299e+00
-1.567255859459357081e+00
-1.586758350647787363e+00
-1.600151263259985024e+00
-1.490575441135602475e+00
-1.568315855161628969e+00
-1.567113073249172039e+00
-1.541357915140404433e+00
-1.583374115984449437e+00
-1.533463020114231634e+00
-1.479800278535561064e+00
-1.674719052906756378e+00
-1.476202830641579311e+00
-1.550259383918990652e+00
-1.544775685100316487e+00
-1.483338733056946523e+00
-1.667740430193294321e+00
-1.546057636973461769e+00
-1.600151714291610405e+00
-1.493244646416417076e+00
-1.554495220168426117e+00
-1.494834900364985231e+00
-1.670049251070168550e+00
-1.507577519242798703e+00
-1.484792487316890730e+00
-1.554495220168426117e+00
-1.554495220168426117e+00
-1.489975038810600338e+00
-1.495012715555219751e+00
-1.500947929066434705e+00
-1.658597037714947708e+00
-1.536217431322446370e+00
-1.657405976763072886e+00
-1.535805698487215709e+00
-1.504364216275532407e+00
-1.481309030709129226e+00
-1.663671139926909737e+00
-1.484839107409025027e+00
-1.494763316573730627e+00
-1.495231399349822743e+00
-1.507577517466497596e+00
-1.554495220168426117e+00
-1.537989455647949422e+00
-1.673944873106994802e+00
-1.557688563986212360e+00
-1.500553571591199509e+00
-1.664705844727853545e+00
-1.492569161301958935e+00
-1.535622736043630088e+00
-1.508226758741515461e+00
-1.492417639411999009e+00
-1.600151463509989380e+00
-1.508592402206759386e+00
-1.561872229120853994e+00
-1.560482499243285082e+00
-1.509091879752380239e+00
-1.506086952731896300e+00
-1.554495220168426117e+00
-1.570752330143228681e+00
-1.495646824210850268e+00
-1.533097994814147880e+00
-1.554495220168426117e+00
-1.500964470249687377e+00
-1.542266717434900070e+00
-1.668942653159223299e+00
-1.554495220168426117e+00
-1.554495220168426117e+00
-1.502723873914481700e+00
-1.486242198352952348e+00
-1.507577517466497596e+00
-1.498477177350979517e+00
-1.600150460789740992e+00
-1.663835694052561154e+00
-1.536531152182782911e+00
-1.554495220168426117e+00
-1.495193148561602126e+00
-1.538353845587433488e+00
-1.474658798720362318e+00
-1.554495220168426117e+00
-1.495188903052257379e+00
-1.659241815430541278e+00
-1.480962639844501050e+00
-1.541309798454872704e+00
-1.674560914854130722e+00
-1.503282266405748357e+00
-1.535490530551210542e+00
-1.540621447672691824e+00
-1.554495220168426117e+00
-1.545447049290501473e+00
-1.537920429566386193e+00
-1.555739064528755877e+00
-1.484629638036875088e+00
-1.542274529176824727e+00
-1.653112174688549096e+00
-1.561876226844176818e+00
-1.569132128986481911e+00
-1.600151463632455862e+00
-1.542262197297891602e+00
-1.476420921765172700e+00
-1.487939146712246252e+00
-1.499449477568485900e+00
-1.522155747120536029e+00
-1.507577517466497818e+00
-1.571097516565890473e+00
-1.507577517466497596e+00
-1.525888514636818405e+00
-1.493744294514951054e+00
-1.499747487662459466e+00
-1.674588042082997719e+00
-1.562067880486317284e+00
-1.503648747159761268e+00
-1.677078884200341236e+00
-1.517441461909201816e+00
-1.556902623935122021e+00
-1.554495220168426117e+00
-1.556938600062252709e+00
-1.507577517466497596e+00
-1.556866207467237029e+00
-1.507577576436245348e+00
-1.674728390280209700e+00
-1.664074338929502517e+00
-1.554495220168426117e+00
-1.485019406981001877e+00
-1.554495220168426117e+00
-1.554495220168426117e+00
-1.600151463846868793e+00
-1.554495220168426117e+00
-1.477582845204959083e+00
-1.507577517466497596e+00
-1.493792071283660761e+00
-1.661518954148594629e+00
-1.543597242348623944e+00
-1.537102070275171206e+00
-1.507578034069414707e+00
-1.484471331911973335e+00
-1.493154924620788249e+00
-1.504905235658357876e+00
-1.481497258819129970e+00
-1.559669730873815441e+00
-1.503704065577795124e+00
-1.513038328300813751e+00
-1.483713536620572926e+00
-1.537966729623589934e+00
-1.498141456511367986e+00
-1.664977142609417315e+00
-1.554495220168426117e+00
-1.670921036198191878e+00
-1.507577517403434930e+00
-1.600151714293521321e+00
-1.504625755535242915e+00
-1.670003732307699051e+00
-1.554495220168426117e+00
-1.622499902032361607e+00
-1.664167665927920758e+00
-1.489236717173569646e+00
-1.539382176230139843e+00
-1.407990095031303124e+00
-1.524730256104091630e+00
-1.562067812540621548e+00
-1.567113073249172039e+00
-1.571271761964060154e+00
-1.546488103149309623e+00
-1.546486664665250643e+00
-1.482033554328539449e+00
-1.550642031299746204e+00
-1.495752779300585811e+00
-1.507577517466497596e+00
-1.504518114329487233e+00
-1.522155747120536029e+00
-1.478634796034959731e+00
-1.553475296970437958e+00
-1.541692205948726802e+00
-1.554495220168426117e+00
-1.504810165216088791e+00
-1.533348252274342460e+00
-1.494937539083005529e+00
-1.486530344003709647e+00
-1.504578484720792142e+00
-1.562067494684182822e+00
-1.561438415662820711e+00
-1.664494223512199556e+00
-1.542545546778485877e+00
-1.535551193562316286e+00
-1.668835024920486854e+00
-1.507577517466497596e+00
-1.556829031693715892e+00
-1.676938168947428309e+00
-1.554495220168426117e+00
-1.544354186478227531e+00
-1.507577517550581003e+00
-1.537885005190830601e+00
-1.554495220168426117e+00
-1.504760947326833964e+00
-1.502199310485676786e+00
-1.554495220168426117e+00
-1.492028928296183832e+00
-1.571449442419294629e+00
-1.601966438708866791e+00
-1.598518329092380785e+00
-1.554495220168426117e+00
-1.600151463877350189e+00
-1.554495220168426117e+00
-1.571096359184476876e+00
-1.554495220168426117e+00
-1.544850035110084674e+00
-1.486662053999773248e+00
-1.590293294596256457e+00
-1.481045221653452870e+00
-1.661455652594372445e+00
-1.526583526529160073e+00
-1.485708417438076578e+00
-1.532170159280054511e+00
-1.507577517466497596e+00
-1.507577753345028082e+00
-1.493114377463173659e+00
-1.537037952580307065e+00
-1.554495220168426117e+00
-1.507577648256551939e+00
-1.478724278959850924e+00
-1.507577603567991087e+00
-1.533010280178242368e+00
-1.510002363070019227e+00
-1.554495220168426117e+00
-1.538704643777311309e+00
-1.600151463877350189e+00
-1.507759207401696999e+00
-1.501617641925685476e+00
-1.479081301564088680e+00
-1.537001954317210650e+00
-1.537720515662589937e+00
-1.494748756353643460e+00
-1.475998316005258326e+00
-1.520934961825836096e+00
-1.554495220168426117e+00
-1.546141960273425209e+00
-1.561875212651873346e+00
-1.537755826720207386e+00
-1.600151714648954782e+00
-1.508583600174704165e+00
-1.554495220168426117e+00
-1.669996103978622859e+00
-1.600151463877350189e+00
-1.558450573984889065e+00
-1.545361525908388156e+00
-1.514371354383366342e+00
-1.495442688470623116e+00
-1.495179187318352199e+00
-1.538119491012986728e+00
-1.557960557789678235e+00
-1.554495220168426117e+00
-1.663565342193949359e+00
-1.563764718611252436e+00
-1.558387068228715533e+00
-1.669678632499783433e+00
-1.510981318310854249e+00
-1.554495220168426117e+00
-1.554495220168426117e+00
-1.546465809965994032e+00
-1.554495220168426117e+00
-1.668276247280999547e+00
-1.562726616504848121e+00
-1.544537303879725876e+00
-1.666527265626484899e+00
-1.568809404061807022e+00
-1.557605410320440642e+00
-1.478724278959850924e+00
-1.555739064502489777e+00
-1.664158539540441906e+00
-1.479025862404626634e+00
-1.663055418567837229e+00
-1.567271051332475906e+00
-1.595588514935127655e+00
-1.497256482320664217e+00
-1.563764631042813491e+00
-1.554495220168426117e+00
-1.554495220168426117e+00
-1.667948257182316762e+00
-1.666754385413581119e+00
-1.507577646618502243e+00
-1.495084751178313409e+00
-1.493414578776313562e+00
-1.667948257182316762e+00
-1.664319731352301712e+00
-1.556864383106089988e+00
-1.554495220168426117e+00
-1.531796679624244595e+00
-1.600151463877350189e+00
-1.557627009049820987e+00
-1.665651948815854322e+00
-1.561437529135303537e+00
-1.544766163451739782e+00
-1.537780475671905345e+00
-1.554495220168426117e+00
-1.554495220168426117e+00
-1.533234466514651562e+00
-1.484604289106760122e+00
-1.542162891336501973e+00
-1.493379524482999487e+00
-1.544100970780560633e+00
-1.486844122908733912e+00
-1.500553571591199509e+00
-1.493265139734333058e+00
-1.500463473850748741e+00
-1.665247095988261261e+00
-1.496969796348521564e+00
-1.586223895275598261e+00
-1.557623565664918219e+00
-1.554495220168426117e+00
-1.507577517403434930e+00
-1.538536416453030187e+00
-1.554495220168426117e+00
-1.540926847556691515e+00
-1.554495220168426117e+00
-1.507577517466497596e+00
-1.523997931729663247e+00
-1.653112174688549096e+00
-1.529961861077689944e+00
-1.554495220168426117e+00
-1.487744800934500011e+00
-1.554495220168426117e+00
-1.576616396707964274e+00
-1.507577753346013516e+00
-1.554495220168426117e+00
-1.484455670631543267e+00
-1.486909367044225716e+00
-1.544574208501189538e+00
-1.484269715498688802e+00
-1.483849486943529250e+00
-1.537697081913043107e+00
-1.546363405644744615e+00
-1.560695563301290667e+00
-1.558063153915911547e+00
-1.487479191063528328e+00
-1.484725982336771555e+00
-1.507577517466497596e+00
-1.600151463877350189e+00
-1.600151712775875756e+00
-1.557120884271623540e+00
-1.600151716602550067e+00
-1.535077354361769508e+00
-1.674337697410390735e+00
-1.493643249439190468e+00
-1.507577517414384838e+00
-1.554495220168426117e+00
-1.561872285050190712e+00
-1.525888514636818405e+00
-1.561439857111460050e+00
-1.561876149515862178e+00
-1.503135491985382544e+00
-1.554495220168426117e+00
-1.554495220168426117e+00
-1.494290033162236631e+00
-1.484600309531429074e+00
-1.571098798424105603e+00
-1.554495220168426117e+00
-1.600151463818299646e+00
-1.557566548823701380e+00
-1.494217436714008862e+00
-1.508718828135729995e+00
-1.580897484999051583e+00
-1.563764862941770639e+00
-1.666373128393221492e+00
-1.586136402004131085e+00
-1.504557541993806646e+00
-1.571097956603156209e+00
-1.502577959889541459e+00
-1.497070071606346975e+00
-1.490139612434476790e+00
-1.500783848039529245e+00
-1.485632169536343028e+00
-1.531712543997637566e+00
-1.549955093734576961e+00
-1.527845850516718285e+00
-1.517063206491961136e+00
-1.600151463632455862e+00
-1.561439966735571172e+00
-1.552751923326621375e+00
-1.556877562057306763e+00
-1.481593850051567296e+00
-1.554495220168426117e+00
-1.479598016350324396e+00
-1.561872555968963461e+00
-1.576938046935877802e+00
-1.669079724238745843e+00
-1.507577517466497596e+00
-1.600151464367486565e+00
-1.554495220168426117e+00
-1.554495220168426117e+00
-1.491827110615251861e+00
-1.600151463877350411e+00
-1.490723216574438403e+00
-1.489278814739091183e+00
-1.507577989222341763e+00
-1.561439582069680254e+00
-1.479988752756121961e+00
-1.535627469112770482e+00
-1.554495220168426117e+00
-1.485568903379361760e+00
-1.657955412476630030e+00
-1.665912202267090692e+00
-1.665507698951115056e+00
-1.476201219852737889e+00
-1.484195980256834524e+00
-1.501070795570380811e+00
-1.539031902932195495e+00
-1.569435566998572451e+00
-1.507578034072456274e+00
-1.578339451611316946e+00
-1.554495220168426117e+00
-1.670561742630586766e+00
-1.580897315946228510e+00
-1.554495220168426117e+00
-1.479077147011339521e+00
-1.600538155669329665e+00
-1.533995621331448289e+00
-1.505925969880211435e+00
-1.579947547457104529e+00
-1.503447076563678264e+00
-1.555739064505996527e+00
-1.507577517466497818e+00
-1.504011684394876092e+00
-1.507577517466497596e+00
-1.539001946759444017e+00
-1.554495220168426117e+00
-1.666404574579289699e+00
-1.530442605309333182e+00
-1.510647396360537131e+00
-1.674793124858434235e+00
-1.536040451033536813e+00
-1.554495220168426117e+00
-1.487429122911650747e+00
-1.541101569131497317e+00
-1.554495220168426117e+00
-1.554495220168426117e+00
-1.490426439222431343e+00
-1.561879065865414251e+00
-1.659832197997130887e+00
-1.544628050293488375e+00
-1.576413473889848760e+00
-1.507577517466497596e+00
-1.509439974817898600e+00
-1.481660654203938110e+00
-1.669875177280475631e+00
-1.679861115302040409e+00
-1.554495220168426117e+00
-1.554495220168426117e+00
-1.486402017467638226e+00
-1.496630965257491619e+00
-1.507852861667430489e+00
-1.639006349187648759e+00
-1.507577517466497596e+00
-1.485103701092312933e+00
-1.554495220168426117e+00
-1.554495220168426117e+00
-1.495822461387962043e+00
-1.486691811364400539e+00
-1.554495220168426117e+00
-1.504561749578936292e+00
-1.580379022857531623e+00
-1.503295862697721308e+00
-1.507865295836683828e+00
-1.606820147418099198e+00
-1.544038503319022482e+00
-1.507577750491443824e+00
-1.518793768021735602e+00
-1.586940026602130294e+00
-1.544494230964421622e+00
-1.494615437732419894e+00
-1.503322182922297134e+00
-1.507577517466497596e+00
-1.527099303752907700e+00
-1.493106669471207404e+00
-1.485291798154992904e+00
-1.509748936750500592e+00
-1.506414532835803621e+00
-1.507577517466497596e+00
-1.627823841636548474e+00
-1.596113900401942898e+00
-1.494833473716305816e+00
-1.518420554754884133e+00
-1.657351550431261922e+00
-1.481303054292461674e+00
-1.538982594153090133e+00
-1.600151463877350189e+00
-1.495293664101944309e+00
-1.487511243302667152e+00
-1.518326514622091894e+00
-1.544070028054220778e+00
-1.504389819875102896e+00
-1.492567445234358914e+00
-1.484110239814701693e+00
-1.481727874183984550e+00
-1.554495220168426117e+00
-1.661192771874560714e+00
-1.557958244156025351e+00
-1.494476611931932597e+00
-1.505700610379298698e+00
-1.536497120275810424e+00
-1.669816178785318739e+00
-1.509519422664985511e+00
-1.505679649479611193e+00
-1.506256549127438449e+00
-1.570983774893458973e+00
-1.493732210347813227e+00
-1.511021990878745225e+00
-1.542343245620772851e+00
-1.536848959629301126e+00
-1.562968249410643828e+00
-1.495012715555219751e+00
-1.673208355282531645e+00
-1.561439200120576132e+00
-1.503710260348240624e+00
-1.485148204604522348e+00
-1.476417841715103707e+00
-1.561876410114922731e+00
-1.535972093109111425e+00
-1.516287217271395038e+00
-1.525138676301389662e+00
-1.554495220168426117e+00
-1.495368383678092661e+00
-1.483208322465532136e+00
-1.503257214393479479e+00
-1.489781052544654649e+00
-1.537678227507082607e+00
-1.562356768293344134e+00
-1.674936532017611279e+00
-1.532173906298589516e+00
-1.528673317362015061e+00
-1.554495220168426117e+00
-1.491600806600793305e+00
-1.625949151301466555e+00
-1.530382917773712936e+00
-1.507577517466497596e+00
-1.536147624442266491e+00
-1.554495220168426117e+00
-1.490278174952881951e+00
-1.546009481015236053e+00
-1.561872489688486354e+00
-1.495462989616702210e+00
-1.672665085332043056e+00
-1.538591319883241715e+00
-1.567257919872382832e+00
-1.554495220168426117e+00
-1.507577753345520799e+00
-1.489842460446739958e+00
-1.562067879012578597e+00
-1.554495220168426117e+00
-1.505103770092944604e+00
-1.482693000730250343e+00
-1.558677754940866578e+00
-1.510663350815242056e+00
-1.495896888982744199e+00
-1.554495220168426117e+00
-1.491245777962510122e+00
-1.483750874652485896e+00
-1.554495220168426117e+00
-1.534397024948607857e+00
-1.664252505719834963e+00
-1.666738504322386127e+00
-1.485552718078086976e+00
-1.554495220168426117e+00
-1.668536955613699080e+00
-1.583481731357405442e+00
-1.517991260230833417e+00
-1.502625061033430187e+00
-1.561438007369765124e+00
-1.494264926741671218e+00
-1.476857659991429594e+00
-1.667779945620009974e+00
-1.495185454958579685e+00
-1.556931144471359163e+00
-1.666822231368139118e+00
-1.496516946342854482e+00
-1.554495220168426117e+00
-1.492807322029903627e+00
-1.554495220168426117e+00
-1.659792587653677876e+00
-1.600151514291911825e+00
-1.554495220168426117e+00
-1.537780508802625068e+00
-1.587852597085512851e+00
-1.662109702334435557e+00
-1.554495220168426117e+00
-1.478596701338751984e+00
-1.541563886211218870e+00
-1.678556972605490527e+00
-1.554495220168426117e+00
-1.478596701338751984e+00
-1.561115880419972513e+00
-1.569042742332679818e+00
-1.665016206198134618e+00
-1.497440169928161424e+00
-1.495050071048607654e+00
-1.554495220168426117e+00
-1.534079495729473441e+00
-1.669846471190471915e+00
-1.538131869890226433e+00
-1.576307725302560359e+00
-1.505762214910719932e+00
-1.483727409340850567e+00
-1.661503932394982064e+00
-1.536892389414630689e+00
-1.554495220168426117e+00
-1.535734010943907268e+00
-1.554495220168426117e+00
-1.486534909468530063e+00
-1.538485139400386892e+00
-1.485370635344458679e+00
-1.480193562544440011e+00
-1.666658989540357405e+00
-1.554495220168426117e+00
-1.600151463789686757e+00
-1.533249199123842832e+00
-1.557714599181834414e+00
-1.490965456219177199e+00
-1.557958244156025351e+00
-1.508120987469908858e+00
-1.480727003946525455e+00
-1.577218528872844860e+00
-1.554495220168426117e+00
-1.563764203882683557e+00
-1.503617844166253548e+00
-1.535841268837737639e+00
-1.494945120858896415e+00
-1.610994759131263221e+00
-1.665820689758661377e+00
-1.494884511205743172e+00
-1.484019631037185816e+00
-1.493207492144677406e+00
-1.494594160958816920e+00
-1.483230985512456357e+00
-1.487733010831080449e+00
-1.536571558156895723e+00
-1.663185905075089455e+00
-1.507969998043270587e+00
-1.663136942854125611e+00
-1.485339170280523646e+00
-1.669771445038185087e+00
-1.485975649404445598e+00
-1.554495220168426117e+00
-1.494783975728393166e+00
-1.494092666550758119e+00
-1.538885943223176955e+00
-1.590581379256659655e+00
-1.507577646618502243e+00
-1.506183613241736552e+00
-1.600151463387561535e+00
-1.554495220168426117e+00
-1.554495220168426117e+00
-1.595137222480969230e+00
-1.554495220168426117e+00
-1.483227563552644401e+00
-1.673082730469444668e+00
-1.476204058825529408e+00
-1.487588939885760242e+00
-1.498184191888110695e+00
-1.568316277697373584e+00
-1.600151714292565863e+00
-1.473908017379281121e+00
-1.505622617851375189e+00
-1.500815384551154485e+00
-1.570581612871874144e+00
-1.485511321920673700e+00
-1.537780393060592221e+00
-1.519249094704083314e+00
-1.482976247999079789e+00
-1.522227583374055282e+00
-1.537822888358609363e+00
-1.536713888344921175e+00
-1.487520065963290339e+00
-1.481802696417036547e+00
-1.653879812483817879e+00
-1.591293628871862431e+00
-1.542874534508372086e+00
-1.479150397361832514e+00
-1.536896076771724129e+00
-1.674939442157401981e+00
-1.521288952142557216e+00
-1.505900476768758489e+00
-1.546752785591389401e+00
-1.593232382002216063e+00
-1.554495220168426117e+00
-1.503814703811155562e+00
-1.509893221286699116e+00
-1.521550873163440620e+00
-1.479158337831423253e+00
-1.554495220168426117e+00
-1.537933319837519575e+00
-1.588119434651682704e+00
-1.661314654016718517e+00
-1.548454113929655707e+00
-1.665570183222303768e+00
-1.600152466962078135e+00
-1.512150237918759244e+00
-1.475562273286390891e+00
-1.507577517422697966e+00
-1.504919828818835681e+00
-1.554495220168426117e+00
-1.494170526732782500e+00
-1.540921128481043345e+00
-1.482157101773593944e+00
-1.586136402012688462e+00
-1.505375482077764726e+00
-1.507577517466497596e+00
-1.663910759115390769e+00
-1.496329978903876645e+00
-1.671551355000098882e+00
-1.534870450340361847e+00
-1.667315611414623699e+00
-1.667809790321852947e+00
-1.561438012832981892e+00
-1.507577517466497596e+00
-1.554495220168426117e+00
-1.507577517236146969e+00
-1.554495220168426117e+00
-1.507577517466497152e+00
-1.561439653058829702e+00
-1.485969104798589013e+00
-1.507577754405373449e+00
-1.494381367346196754e+00
-1.513218855300766830e+00
-1.559665244566148745e+00
-1.490344517096644283e+00
-1.505574930018573454e+00
-1.496685590701694490e+00
-1.543400410925064747e+00
-1.545229782984939071e+00
-1.504629034420720934e+00
-1.547615185859556153e+00
-1.490042881387434681e+00
-1.476528616626804569e+00
-1.563764793333080938e+00
-1.476145704473990072e+00
-1.668835024920486854e+00
-1.500993471649607613e+00
-1.600150460789740992e+00
-1.479777200100723000e+00
-1.600151463754903025e+00
-1.557566094393658673e+00
-1.536210037532352857e+00
-1.542156596999060492e+00
-1.494442342816843849e+00
-1.494794038480163012e+00
-1.562472983301993690e+00
-1.516945935712606719e+00
-1.532207966544731903e+00
-1.536515851102890240e+00
-1.530313770578164423e+00
-1.540916478068586004e+00
-1.554495220168426117e+00
-1.541519008675103164e+00
-1.537780134480545291e+00
-1.483109809299580917e+00
-1.554495220168426117e+00
-1.554495220168426117e+00
-1.483019262985757480e+00
-1.495787122967747296e+00
-1.600151463877349967e+00
-1.546676334079879478e+00
-1.554495220168426117e+00
-1.501900387620974886e+00
-1.540982415031450392e+00
-1.651678016864131848e+00
-1.478204989519970258e+00
-1.478774947656395611e+00
-1.482286642321137604e+00
-1.480939698349100775e+00
-1.674391264531750245e+00
-1.668893321099534033e+00
-1.494929275533279034e+00
-1.562344077906947959e+00
-1.573799429665021954e+00
-1.421653400279126345e+00
-1.665785651529131162e+00
-1.496543402045676263e+00
-1.544242475534290282e+00
-1.507577517466497596e+00
-1.505612240110236755e+00
-1.606842013863862828e+00
-1.542855695845761321e+00
-1.662054302563719999e+00
-1.504054159719688810e+00
-1.595032014142618637e+00
-1.490723151075168618e+00
-1.507577259161422933e+00
-1.554495220168426117e+00
-1.658238422486651320e+00
-1.554495220168426117e+00
-1.667727769590617859e+00
-1.554495220168426117e+00
-1.536173069002596980e+00
-1.576512950128537538e+00
-1.554495220168426117e+00
-1.537365013792758361e+00
-1.494210251417528390e+00
-1.536859940332372387e+00
-1.507577517466497596e+00
-1.499427740947572474e+00
-1.541349644616303749e+00
-1.554495220168426117e+00
-1.554495220168426117e+00
-1.499471754884119656e+00
-1.493458518138924385e+00
-1.554495220168426117e+00
-1.647329764310396349e+00
-1.495293664101944309e+00
-1.505716556386520466e+00
-1.490384863794474324e+00
-1.554495220168426117e+00
-1.667104744224510826e+00
-1.572983966980369352e+00
-1.495284849485936096e+00
-1.554495220168426117e+00
-1.661066006679823293e+00
-1.507577000856568983e+00
-1.507577635406161187e+00
-1.554495220168426117e+00
-1.493152481467089343e+00
-1.661164390988820294e+00
-1.539156426194070670e+00
-1.479100640903121988e+00
-1.666170576179188956e+00
-1.554495220168426117e+00
-1.494345354350273158e+00
-1.525444145588763289e+00
-1.661069694100543837e+00
-1.505134257163959877e+00
-1.507577516918196858e+00
-1.493596807606367705e+00
-1.538376490354470549e+00
-1.489518951568225225e+00
-1.504560042389602836e+00
-1.497053940648851889e+00
-1.529055397737116628e+00
-1.533679357050951486e+00
-1.507577517466497596e+00
-1.471240564995738520e+00
-1.497729107361277512e+00
-1.540914194949085436e+00
-1.505233913122469680e+00
-1.486840070690871984e+00
-1.507577000856568983e+00
-1.485433693349397899e+00
-1.554495220168426117e+00
-1.500482515672770356e+00
-1.533604275970661179e+00
-1.537967812046358018e+00
-1.507577518058597965e+00
-1.546465809965994032e+00
-1.490713043752534439e+00
-1.522823503481653962e+00
-1.538067538777598164e+00
-1.554495220168426117e+00
-1.658060104308301641e+00
-1.479454540250779271e+00
-1.600151463755076886e+00
-1.499504453201723431e+00
-1.554495220168426117e+00
-1.537780347798483493e+00
-1.504326585418852114e+00
-1.534821760564096804e+00
-1.496400269404645655e+00
-1.540944141250188748e+00
-1.664430954841799482e+00
