1.483427918382800303e+00
1.455649078427963872e+00
1.455649078427963872e+00
1.522715514283538907e+00
1.488798161530833220e+00
1.478555799972566920e+00
1.344273902347594696e+00
1.348216394103076698e+00
1.388081286244054802e+00
1.478487918877244844e+00
1.347293795540792649e+00
1.462609495193538667e+00
1.529110374066213751e+00
1.451200705658925560e+00
1.464809356220887704e+00
1.455436134150700944e+00
1.517912863955585667e+00
1.345798060889549452e+00
1.345426552997612824e+00
1.482138629860032752e+00
1.486272038121952965e+00
1.346147047510207528e+00
1.388080334936832028e+00
1.498992838803892225e+00
1.343805086391305581e+00
1.563168043498444737e+00
1.505104784803874107e+00
1.481039460978238687e+00
1.457316086414448542e+00
1.372487279439365215e+00
1.517912663816846530e+00
1.475023651345764186e+00
1.455649078427963872e+00
1.455649078427963872e+00
1.388080334936832028e+00
1.464994377874371700e+00
1.468111809987444838e+00
1.488932786575748457e+00
1.345643222897573210e+00
1.497475713825964450e+00
1.511884547055265982e+00
1.455649078427963872e+00
1.442897068297901209e+00
1.439223211063945129e+00
1.494517810738017483e+00
1.482958157684844291e+00
1.519132164271322694e+00
1.455649078427963872e+00
1.468289362235521534e+00
1.522591670524594765e+00
1.455649078427963872e+00
1.517912663700899722e+00
1.455649078427963872e+00
1.522141077777795504e+00
1.388080334926750092e+00
1.517078654244895963e+00
1.505104784803874107e+00
1.529257113715846828e+00
1.472276703462426450e+00
1.347228335491290840e+00
1.497902533350537579e+00
1.434974652181124410e+00
1.464816121388928138e+00
1.476587812917069975e+00
1.481037202833204169e+00
1.490212959363472311e+00
1.439223204224119534e+00
1.528737361869058731e+00
1.522103970334980794e+00
1.346397805395609382e+00
1.346090320077767633e+00
1.344597693455480636e+00
1.462746080246389191e+00
1.480201581728156190e+00
1.463425516083717737e+00
1.503359266162805019e+00
1.404939922447742795e+00
1.468819001868160390e+00
1.454935358232281262e+00
1.442897068297901209e+00
1.486509159465819740e+00
1.479045946262029565e+00
1.494314966948173007e+00
1.523046031387775834e+00
1.401017415492259222e+00
1.517912663700899722e+00
1.345796301721327914e+00
1.346779383152023168e+00
1.529373981264609439e+00
1.528125272746182040e+00
1.517912723065609537e+00
1.467445062242129117e+00
1.448825589871525432e+00
1.347090946031016312e+00
1.455649078427963872e+00
1.347224606031769412e+00
1.455649078427963872e+00
1.455649078427963872e+00
1.468760323824264136e+00
1.389837473397559364e+00
1.527912733353607777e+00
1.451183806324562120e+00
1.453068967816775858e+00
1.455649078427963872e+00
1.455649078427963872e+00
1.555492735850591668e+00
1.388080334936832028e+00
1.346295379085020283e+00
1.497999811102064704e+00
1.517912663700899945e+00
1.344138339201809584e+00
1.345273914201889243e+00
1.517912463448092941e+00
1.528843790001284342e+00
1.455649078427963872e+00
1.498623392762224782e+00
1.455649078427963872e+00
1.439223256253199246e+00
1.477121318457245813e+00
1.476988260830143229e+00
1.496684787831281893e+00
1.434976274960619858e+00
1.388080552118599487e+00
1.345609713263188567e+00
1.462803908060658076e+00
1.517912663700899722e+00
1.494565395141021158e+00
1.516329553806525121e+00
1.485536118993497690e+00
1.455119871440188062e+00
1.475589796409586985e+00
1.455649078427963872e+00
1.452902670229601290e+00
1.455649078427963872e+00
1.492145959034518743e+00
1.453167747698077106e+00
1.526162237582192827e+00
1.430285449486270899e+00
1.382932275049897797e+00
1.388080239804825755e+00
1.341684291631884740e+00
1.475590008355771143e+00
1.430158621719064493e+00
1.336885825920459681e+00
1.384387341664075510e+00
1.494173095553072317e+00
1.455649078427963872e+00
1.456430675623292315e+00
1.528417498183906487e+00
1.427379050123743776e+00
1.465137842417702618e+00
1.518849019535670308e+00
1.470462997115882686e+00
1.466353665049264787e+00
1.455649078427963872e+00
1.455649078427963872e+00
1.455649078427963872e+00
1.345517321882214956e+00
1.472561061449274122e+00
1.455649078427963872e+00
1.346329750130085268e+00
1.490322522699237151e+00
1.517912663700899722e+00
1.525572612756609825e+00
1.345677311647538676e+00
1.525943989420897484e+00
1.481797890138637497e+00
1.477264099917809492e+00
1.461339115482775286e+00
1.455610829510192383e+00
1.344449683221147218e+00
1.527963044568966922e+00
1.486382141291901826e+00
1.346372009189332308e+00
1.345452903842459413e+00
1.345874104055913456e+00
1.388080334936832028e+00
1.455649078427963872e+00
1.478967990870043048e+00
1.455738437468491853e+00
1.475847977525746701e+00
1.525545104555370735e+00
1.487315432604203957e+00
1.528306652015783085e+00
1.476692258325341678e+00
1.455649078427963872e+00
1.528158063986502002e+00
1.388080334767971324e+00
1.343513694685591897e+00
1.437482376045951415e+00
1.486986987454717024e+00
1.455649078427963872e+00
1.455649078427963872e+00
1.475212744044356983e+00
1.462481626249824362e+00
1.346247911066213554e+00
1.411577947718963388e+00
1.476831987720037320e+00
1.455649078427963872e+00
1.462758309161352743e+00
1.471530474392261256e+00
1.455649078427963872e+00
1.455649078427963872e+00
1.342984192569555146e+00
1.347643973409341278e+00
1.517912663700899722e+00
1.348794625452041318e+00
1.388079859275664685e+00
1.486538838677703422e+00
1.477565759047551719e+00
1.455649078427963872e+00
1.345839687302193166e+00
1.479318372024415407e+00
1.530239560406109423e+00
1.422864089913699948e+00
1.345835865562115652e+00
1.482373167934187830e+00
1.516383059764742747e+00
1.482160691951478038e+00
1.456247805326301048e+00
1.343483085407849664e+00
1.455311986512212385e+00
1.481498814777406414e+00
1.492424155285902332e+00
1.486138951438242373e+00
1.478901614230722750e+00
1.475796259422462953e+00
1.346182126329205309e+00
1.462765722532438639e+00
1.486331792848565536e+00
1.437485966724397546e+00
1.499379529989197435e+00
1.388080334820704032e+00
1.462754023362048406e+00
1.528588330840111142e+00
1.455649078427963872e+00
1.455649078427963872e+00
1.520337720819656235e+00
1.388080334936832250e+00
1.434974652181124410e+00
1.517912663700899722e+00
1.404939922447742795e+00
1.455649078427963872e+00
1.519380097493624016e+00
1.456266985657362012e+00
1.448140659402679331e+00
1.455649078427963872e+00
1.458438342145347955e+00
1.521349637556243195e+00
1.475103574948448459e+00
1.491035269023694765e+00
1.514612959663037994e+00
1.517912663700899722e+00
1.475068242410977559e+00
1.517912723065609537e+00
1.456443005852512185e+00
1.447189409126414139e+00
1.455649078427963872e+00
1.520521933270993609e+00
1.451902857180090489e+00
1.474614560958462439e+00
1.388080334886329537e+00
1.475976318722180158e+00
1.455649078427963872e+00
1.517912663700899722e+00
1.455649078427963872e+00
1.465037517657043820e+00
1.484360222985792843e+00
1.448288721222454223e+00
1.388080810591544756e+00
1.346038594872404071e+00
1.528792604495664342e+00
1.344932995556582078e+00
1.528160213254444733e+00
1.477729754848861932e+00
1.523319355944017461e+00
1.393108298039296367e+00
1.345351627230270353e+00
1.478946135558788066e+00
1.513308709943175678e+00
1.487549159050442604e+00
1.475983740148026024e+00
1.453137825964666563e+00
1.388080334878768030e+00
1.388080552119427935e+00
1.344683329088444568e+00
1.472516854288620225e+00
1.474088717827159556e+00
1.407048439874707624e+00
1.467301397818069342e+00
1.524892263291948824e+00
1.480307160536687094e+00
1.511431598998083770e+00
1.495155845769913006e+00
1.448140584132152631e+00
1.430158621719064493e+00
1.446725895255550398e+00
1.456317093680302710e+00
1.423905373085792903e+00
1.455649078427963872e+00
1.427731367200834045e+00
1.537238295193437798e+00
1.388080334936832028e+00
1.344587162455505913e+00
1.520337720819656235e+00
1.455649078427963872e+00
1.455649078427963872e+00
1.482528400250800349e+00
1.452897995334910819e+00
1.344848069118468770e+00
1.453280160085017814e+00
1.345609675205710731e+00
1.522060361826261810e+00
1.455649078427963872e+00
1.448140403616395622e+00
1.452289617394828536e+00
1.467599628424937297e+00
1.463022755969683342e+00
1.455369671569918921e+00
1.471472348490854065e+00
1.517912663700899722e+00
1.475035050259049907e+00
1.458357255337084490e+00
1.455649078427963872e+00
1.464738088574842445e+00
1.388080335014250766e+00
1.478867551132510227e+00
1.455649078427963872e+00
1.455649078427963872e+00
1.383128428145437239e+00
1.388079941858727517e+00
1.527669042536532462e+00
1.455649078427963872e+00
1.397836068165152046e+00
1.390178081344545680e+00
1.455649078427963872e+00
1.388080334936832028e+00
1.517912663700899722e+00
1.434973600126816962e+00
1.455649078427963872e+00
1.465208358930645050e+00
1.522200494596883669e+00
1.388998869500634781e+00
1.516467625929649010e+00
1.464971416224299272e+00
1.342771035816429315e+00
1.455649078427963872e+00
1.492913498040807418e+00
1.388080334936832028e+00
1.455649078427963872e+00
1.528769679367059764e+00
1.478053062803206696e+00
1.475023651345764186e+00
1.455649078427963872e+00
1.455649078427963872e+00
1.455649078427963872e+00
1.493732006794073364e+00
1.455649078427963872e+00
1.476173395425733226e+00
1.479655678704126398e+00
1.517912663700899722e+00
1.388247623333736858e+00
1.507680029057301585e+00
1.346187656773989216e+00
1.478018452491555390e+00
1.478709380875292467e+00
1.345439802353986414e+00
1.455649078427963872e+00
1.521478972417502407e+00
1.449135969221748699e+00
1.423587991470508518e+00
1.437485033416989522e+00
1.478743341322668048e+00
1.517912713764537624e+00
1.455649078427963872e+00
1.398514853784493805e+00
1.472452613023369938e+00
1.517912663700899722e+00
1.476571126500285880e+00
1.455256227370206545e+00
1.394335662648884089e+00
1.346064204771390660e+00
1.345827112509923706e+00
1.479093020230678901e+00
1.476107183810388079e+00
1.455649078427963872e+00
1.466841657929415899e+00
1.439223332081881024e+00
1.449456183099285145e+00
1.472167062760699752e+00
1.345640326344145876e+00
1.455649078427963872e+00
1.455649078427963872e+00
1.525392522580925059e+00
1.388080334936832028e+00
1.470936186615355856e+00
1.496506006410471157e+00
1.438876433195142024e+00
1.488935777282615280e+00
1.498125543370245616e+00
1.475770298320554508e+00
1.455649078427963872e+00
1.475796259397553767e+00
1.467293335295931866e+00
1.525604380665847026e+00
1.485787674038489881e+00
1.430299005631004094e+00
1.385737509705535331e+00
1.347696295485508067e+00
1.439223250686899602e+00
1.474692038138863293e+00
1.493753406009109996e+00
1.470652054376167861e+00
1.469644210401711337e+00
1.388080453851683327e+00
1.345742137330233401e+00
1.529072143992940891e+00
1.470652054376167861e+00
1.467473971762244034e+00
1.475066070582806477e+00
1.451539283475738129e+00
1.502084300879381606e+00
1.455649078427963872e+00
1.448747520703293823e+00
1.468675093539303589e+00
1.452289829683640399e+00
1.422321246317490129e+00
1.475713678278540941e+00
1.455649078427963872e+00
1.481422249137274383e+00
1.486204489316734989e+00
1.455649078427963872e+00
1.462659844126865671e+00
1.529090429239138293e+00
1.357447386948464674e+00
1.522382234842311943e+00
1.525545104555370735e+00
1.529027318712270489e+00
1.525415563281559805e+00
1.468281508568364924e+00
1.347438302296574353e+00
1.588579208645783725e+00
1.448743944919764770e+00
1.388080334820704254e+00
1.388080334878768030e+00
1.499116020069009680e+00
1.455649078427963872e+00
1.481792464567344370e+00
1.388080453851683549e+00
1.517912663700899722e+00
1.403199195404133848e+00
1.486331792848565536e+00
1.490762044205174552e+00
1.311961074977861186e+00
1.523365849978300268e+00
1.491095427249502503e+00
1.499057864279845331e+00
1.517912901159654604e+00
1.488744037359157391e+00
1.455649078427963872e+00
1.522445857904931144e+00
1.464946759894427686e+00
1.345855831143131454e+00
1.345474865244896012e+00
1.478686857923319220e+00
1.487020097838506638e+00
1.487188549186748920e+00
1.476202671928126264e+00
1.523028696936154835e+00
1.346269466236622803e+00
1.517912663700899722e+00
1.517912663700899722e+00
1.455649078427963872e+00
1.475310640364446257e+00
1.388080456316137301e+00
1.454919845590355143e+00
1.432033250531302038e+00
1.529306166877026252e+00
1.388080334888850187e+00
1.455649078427963872e+00
1.437482363815022257e+00
1.404939922447742795e+00
1.452288981730147643e+00
1.437485839593151127e+00
1.455649078427963872e+00
1.455649078427963872e+00
1.476274202062031637e+00
1.345027006765852295e+00
1.346155525833151678e+00
1.434975779571571186e+00
1.474380134433024070e+00
1.388080334308024799e+00
1.448687144847464747e+00
1.455649078427963872e+00
1.455649078427963872e+00
1.371380179265113242e+00
1.439223420212890403e+00
1.469320760403875159e+00
1.455649078427963872e+00
1.344622393716593534e+00
1.434975082893890974e+00
1.510141348049268251e+00
1.505147694131022229e+00
1.525744087141301941e+00
1.455649078427963872e+00
1.347090946031016312e+00
1.492467676992955683e+00
1.361022178034681618e+00
1.455649078427963872e+00
1.455649078427963872e+00
1.388080334820704032e+00
1.452289077203977596e+00
1.455838648153038761e+00
1.475079752315747061e+00
1.528375863105560839e+00
1.500405386250657225e+00
1.346657871472638046e+00
1.437482569816365130e+00
1.483934535052741532e+00
1.471694464356651189e+00
1.517912663700899722e+00
1.388080335073124116e+00
1.490899175238168173e+00
1.496817641384987851e+00
1.527538932021639040e+00
1.388080334936832250e+00
1.526352324768740720e+00
1.514069294674398769e+00
1.388080769299247619e+00
1.452289113510115914e+00
1.347013445641441320e+00
1.476696807887604157e+00
1.455649078427963872e+00
1.347033609277616284e+00
1.490728348028293793e+00
1.468853726630202639e+00
1.468554266929923857e+00
1.528416075566822574e+00
1.455649078427963872e+00
1.525982466871875332e+00
1.499598752389553313e+00
1.378016334155713674e+00
1.517912863955585667e+00
1.377222059259311404e+00
1.507540372718170429e+00
1.452821913273432353e+00
1.455649078427963872e+00
1.455649078427963872e+00
1.346183872307852747e+00
1.389927191877808443e+00
1.453895104305524377e+00
1.525634546855728857e+00
1.503744651500984020e+00
1.343630305056632057e+00
1.475796259378594488e+00
1.517912663700899722e+00
1.513710587655592077e+00
1.388080334936832028e+00
1.479941558042324079e+00
1.517913294554733117e+00
1.469284065556454966e+00
1.409133035991024130e+00
1.345343079917695084e+00
1.456492139569980360e+00
1.496684227319444727e+00
1.455649078427963872e+00
1.523044197880341066e+00
1.481960470530386154e+00
1.502683682526287257e+00
1.388080453851683327e+00
1.341550212206566561e+00
1.437488615079277832e+00
1.492370370883126851e+00
1.438956651312232049e+00
1.451460052623519292e+00
1.388080334936832028e+00
1.322192752665480198e+00
1.528332451142853987e+00
1.452174490491888070e+00
1.450458236968364734e+00
1.482616938881908153e+00
1.455649078427963872e+00
1.528585109387865293e+00
1.347133452602737425e+00
1.518652481943722599e+00
1.544897941263319252e+00
1.517912663700899722e+00
1.346611868117194577e+00
1.499926882642232950e+00
1.474909927080952254e+00
1.346405962371416409e+00
1.522232593567024894e+00
1.517912901159725658e+00
1.455649078427963872e+00
1.504242394235901115e+00
1.343495216030230033e+00
1.455649078427963872e+00
1.393779968070496755e+00
1.493367017007324549e+00
1.455649078427963872e+00
1.398407536455208211e+00
1.381514978827610207e+00
1.464870908680301564e+00
1.345319828356213554e+00
1.522975533673976534e+00
1.517912663700899722e+00
1.336053175992011344e+00
1.528869802265158562e+00
1.346782402867030548e+00
1.455649078427963872e+00
1.346281302651135547e+00
1.388080334936832028e+00
1.411584580175783588e+00
1.477130939869440995e+00
1.345516011983371341e+00
1.398063905702924270e+00
1.490143981417429764e+00
1.527954904281096038e+00
1.479922945279239510e+00
1.517912663700899722e+00
1.345930114457735582e+00
1.523128032561571255e+00
1.522299216775770070e+00
1.484814837085942418e+00
1.455649078427963872e+00
1.528320920790169790e+00
1.345711243522035083e+00
1.522107548974924951e+00
1.458828457125732614e+00
1.484175140321301267e+00
1.434467665052423069e+00
1.345194911962285023e+00
1.455649078427963872e+00
1.477533026710443842e+00
1.472294494863207515e+00
1.344338948365504605e+00
1.345624815386363249e+00
1.346140216925402200e+00
1.455649078427963872e+00
1.455649078427963872e+00
1.519748013277583798e+00
1.462830893657117715e+00
1.497471948895505500e+00
1.496555702163765211e+00
1.345677311647538676e+00
1.455119871440188062e+00
1.452289233478688324e+00
1.343865439464720035e+00
1.346652224268868991e+00
1.511757555715627532e+00
1.437486171812306868e+00
1.455767683969268145e+00
1.455649078427963872e+00
1.404249519575762939e+00
1.458186942240072614e+00
1.345997367426372771e+00
1.344893607898765664e+00
1.455649078427963872e+00
1.525371079585741807e+00
1.478668734647479610e+00
1.493899566487703057e+00
1.456626148242797569e+00
1.492917143072409747e+00
1.489506640206314181e+00
1.371407222471531906e+00
1.455649078427963872e+00
1.410433828559265246e+00
1.409078079550326823e+00
1.388080334936832028e+00
1.477196962174875505e+00
1.473951164505494571e+00
1.525895107849231103e+00
1.486679768444823635e+00
1.437482559159264595e+00
1.346082493707664307e+00
1.431144893902009496e+00
1.479546714138465058e+00
1.430287151128802670e+00
1.455649078427963872e+00
1.517912901159463646e+00
1.525483767072289387e+00
1.448140574543169246e+00
1.451321420517935668e+00
1.345110359285202950e+00
1.529283750405231679e+00
1.476785926320498543e+00
1.345357285189348273e+00
1.499660481504138776e+00
1.476648365590253587e+00
1.526948966452962297e+00
1.455649078427963872e+00
1.481408273935540976e+00
1.533733601389285495e+00
1.467441342495730217e+00
1.489066293690122000e+00
1.521116276866483208e+00
1.491109388189838292e+00
1.471225352671956976e+00
1.379115864094214716e+00
1.517175329466573519e+00
1.511807138190786715e+00
1.452289479980757081e+00
1.505958002723102984e+00
1.528986310483600342e+00
1.470564735679383617e+00
1.345832761790324739e+00
1.475130002411113361e+00
1.469719271279004147e+00
1.347030873631151371e+00
1.455649078427963872e+00
1.455649078427963872e+00
1.490820093116346667e+00
1.482858857636474958e+00
1.517912711258833536e+00
1.422372367733951926e+00
1.475713728477188846e+00
1.382297809967738100e+00
1.484940458276864828e+00
1.388080453851683549e+00
1.455649078427963872e+00
1.502065645896230928e+00
1.449333920210108984e+00
1.517912901159457872e+00
1.455649078427963872e+00
1.493590525979733963e+00
1.460886054213910601e+00
1.468064009662261027e+00
1.522314465706289699e+00
1.345710931706350033e+00
1.395905969452406525e+00
1.453974708721718301e+00
1.472309600748067826e+00
1.536750433058289733e+00
1.501425375180534649e+00
1.525403675025760242e+00
1.455649078427963872e+00
1.416516659024360747e+00
1.415071582020946961e+00
1.388080334972180863e+00
1.455542930007189595e+00
1.517912863955585667e+00
1.522072652228596779e+00
1.536800031109783360e+00
1.346853872625702442e+00
1.455649078427963872e+00
1.469563417539995864e+00
1.467193076508054528e+00
1.455649078427963872e+00
1.493964778415700190e+00
1.448826694457150177e+00
1.526583847226257173e+00
1.556400774649889795e+00
1.455649078427963872e+00
1.502585555319224442e+00
1.537014605497182940e+00
1.455649078427963872e+00
1.439222860620752442e+00
1.343782862941029332e+00
1.477807079857962780e+00
1.345616485736931711e+00
1.483300274067729907e+00
1.488312589289662924e+00
1.455649078427963872e+00
1.345629105411131343e+00
1.528851271002317214e+00
1.345300680088919343e+00
1.518688428548535141e+00
1.523283788808428296e+00
1.477604597285680610e+00
1.466499959069808456e+00
1.455649078427963872e+00
1.485900341573759720e+00
1.346825355622884857e+00
1.452077143107421309e+00
1.347402328489857748e+00
1.476342894411729834e+00
1.455649078427963872e+00
1.455649078427963872e+00
1.355508300891448137e+00
1.387742607261484240e+00
1.388080453851683549e+00
1.525903370133921744e+00
1.388080334704576035e+00
1.476173395425733226e+00
1.459923197904168468e+00
1.390757639146449787e+00
1.476110192174401314e+00
1.518689512696567823e+00
1.455010576238168207e+00
1.528419913036827227e+00
1.523142599958861032e+00
1.507278417830795636e+00
1.475590136348960968e+00
1.388080552118599487e+00
1.526047890350475944e+00
1.345573883173612817e+00
1.525802436090774483e+00
1.448523842495385905e+00
1.346981413103607528e+00
1.475713634972139809e+00
1.522718021962323531e+00
1.455649078427963872e+00
1.492702101929072267e+00
1.478807822134417416e+00
1.477741459708638239e+00
1.523073554470859792e+00
1.528465552735875921e+00
1.487075636513740307e+00
1.455649078427963872e+00
1.420579556151071898e+00
1.525658205393402911e+00
1.448095700090962668e+00
1.456624645903940696e+00
1.400704941378027479e+00
1.345822087434916714e+00
1.467012955197410040e+00
1.376800297922253336e+00
1.472428956660766675e+00
1.343958744059022381e+00
1.519260790282108031e+00
1.526021759673793721e+00
1.525746040239714718e+00
1.492371529348469839e+00
1.478914017759261235e+00
1.523511951872031256e+00
1.484286836525724018e+00
1.425716873723250400e+00
1.468624109014980084e+00
1.455649078427963872e+00
1.392290601582102383e+00
1.521969943678768145e+00
1.517912663969125608e+00
1.344946113069877214e+00
1.455649078427963872e+00
1.455649078427963872e+00
1.461482141343887875e+00
1.455649078427963872e+00
1.455649078427963872e+00
1.345353080572254889e+00
1.388080334936832028e+00
1.486544835573645029e+00
1.346862607959203428e+00
1.453685412199012816e+00
1.495544335813514758e+00
1.470083855444610954e+00
1.470549677688978596e+00
1.452289543514087455e+00
1.388080334936832028e+00
1.481535637857308352e+00
1.517912663469006329e+00
1.517913175816109739e+00
1.388080334936831584e+00
1.452289244693808490e+00
1.347396396435317500e+00
1.517912901923113234e+00
1.345109185341743396e+00
1.455649078427963872e+00
1.493722333057490470e+00
1.526032249086523018e+00
1.455649078427963872e+00
1.347182611452638401e+00
1.484170954632527240e+00
1.465568515914869918e+00
1.344686255736179392e+00
1.424944442758315333e+00
1.525710814541157534e+00
1.511848290722166865e+00
1.439223357315521978e+00
1.455649078427963872e+00
1.471472348490854065e+00
1.520652612124824499e+00
1.388079859275664685e+00
1.346820921021960382e+00
1.388080334878768030e+00
1.448690314870463736e+00
1.477256990295608974e+00
1.462653873895790824e+00
1.345164070123601174e+00
1.345480544502331011e+00
1.488882126067264888e+00
1.520077288328193443e+00
1.492950334694044257e+00
1.477551030851376401e+00
1.346254845568126912e+00
1.481782498486008626e+00
1.388080334936832028e+00
1.355571633879715021e+00
1.475713336965470690e+00
1.455649078427963872e+00
1.440650379479073262e+00
1.487983410636072756e+00
1.518498847723705358e+00
1.346374156053549376e+00
1.517912663700899500e+00
1.456494342686425414e+00
1.457611119953902579e+00
1.526800210608608932e+00
1.461540262782133004e+00
1.490633647427312303e+00
1.345390195273377998e+00
1.525345661843849232e+00
1.528920847002046113e+00
1.516358494066965434e+00
1.456099729289173972e+00
1.421389306094248406e+00
1.345602247349346969e+00
1.480256156639541354e+00
1.495730701250426842e+00
1.449995877571211400e+00
1.468733705757290231e+00
1.347054674196476620e+00
1.472852083381020138e+00
1.517912663700899722e+00
1.455649078427963872e+00
1.479476693538769982e+00
1.483647182095168660e+00
1.484931735279770404e+00
1.455649078427963872e+00
1.508922806226945745e+00
1.526353642907441133e+00
1.517912563573954765e+00
1.459836492265462526e+00
1.462072175730457557e+00
1.517912713764537624e+00
1.470503245921027879e+00
1.455649078427963872e+00
1.477221433863743050e+00
1.513854559069857331e+00
1.388080552119002720e+00
1.478367551845563899e+00
1.519086700249547395e+00
1.497482649012604305e+00
1.388080334936832028e+00
1.524315250197684879e+00
1.482199015285413424e+00
1.455649078427963872e+00
1.458794081774428042e+00
1.519058236235199866e+00
1.518320868309895433e+00
1.484810697267103352e+00
1.481189712246788748e+00
1.345930114457735582e+00
1.455649078427963872e+00
1.341512800537007388e+00
1.426592264606204585e+00
1.469967271517344409e+00
1.491538792575970662e+00
1.345922188964761235e+00
1.481627624497573903e+00
1.464578532132076782e+00
1.517912463448092719e+00
1.455649078427963872e+00
1.455649078427963872e+00
1.528793764389322130e+00
1.484088207089752087e+00
1.499720073773816775e+00
1.346205251810026704e+00
1.488625101576597665e+00
1.457653418529680334e+00
1.455649078427963872e+00
1.404530776032441475e+00
1.464578652859451990e+00
1.345137590231011870e+00
1.517912663773564708e+00
1.518464881029121694e+00
1.479340145882052093e+00
1.525176060527780653e+00
1.344624609576516638e+00
1.521916145813608345e+00
1.489878894549020449e+00
1.412113228644178653e+00
1.388080334936832028e+00
1.506441139090556325e+00
1.348121585552044532e+00
1.461475566442426155e+00
1.345226621102533215e+00
1.289783605665129729e+00
1.517912463448092719e+00
1.346911043343453462e+00
1.455649078427963872e+00
1.525466165867859658e+00
1.494310717222556706e+00
1.478947175348541476e+00
1.517912663360008851e+00
1.525392522580925059e+00
1.526339735688147625e+00
1.402117857471609996e+00
1.479043065098564202e+00
1.475617747569547111e+00
1.481320861120472010e+00
1.526041234893899423e+00
1.388080334830785967e+00
1.524476870405566453e+00
1.490818764250824380e+00
1.475713649538793248e+00
1.344416041401607531e+00
1.454678192619758059e+00
1.346925866502899360e+00
1.481809089471517682e+00
1.487063206798040715e+00
