2.918813899903253381e-12
2.335557324412185875e-18
2.047719555368061547e-19
8.963414464470589610e-13
1.801946221565528379e-12
1.212532160799849926e-12
5.319757423292404279e-19
2.129063618235572102e-12
-2.885350830983596019e-19
1.973851523824906405e-18
2.552188721041629288e-12
-8.195020291002159170e-19
6.120334061145360032e-12
3.643766867656619037e-12
-1.237801185070292013e-18
3.509421682903768472e-12
1.085359584431684223e-18
-7.364885578536335659e-12
3.653106012672253993e-12
5.932050036823289896e-12
3.437903343782572896e-12
1.573451797233488942e-12
6.462220150020826510e-20
2.705682828798868820e-12
1.051921224967203401e-10
2.198228899016674694e-12
6.804488993453502242e-13
4.411600238719794175e-12
2.204911668358499760e-18
9.899874744813227601e-19
-2.745397898103884829e-19
9.227365503495607428e-13
4.201259801980202833e-13
2.301666228030711477e-12
3.524648755418534265e-12
1.910719240913881547e-12
4.918894167536468727e-12
3.304615309656303251e-19
2.189395980795647061e-12
1.994025562766904687e-12
-6.291750930740106341e-18
3.955469167465153069e-12
3.657089563567007121e-12
3.679046485782053053e-12
2.859306842327118743e-11
2.584158740396355391e-12
6.302877267449381088e-20
-2.269553626106079626e-18
1.634112342819671573e-18
1.428136076283901812e-12
-6.718152112423504781e-19
2.364497818162209792e-18
1.109494753540446657e-18
1.640247828541302737e-12
2.886575786221561664e-12
-2.874384964067484661e-18
4.642333197106060866e-12
1.197623109578522153e-11
1.471777781134934195e-12
-1.156435355088219115e-18
2.343974890567804634e-12
7.124350204074811139e-19
9.363106848104072021e-11
2.720538841474861108e-12
2.610578306077120869e-12
3.863545010089568210e-12
3.819290880090998267e-13
3.476801064015961646e-12
1.757857581506319726e-12
2.032847463613430256e-12
2.746652774529061838e-18
-6.093857656813397197e-18
2.022211545805436187e-18
2.651889425620175023e-12
7.849761372088503425e-13
8.958668707117287950e-19
-6.350176174975993704e-19
-7.533833249451396770e-13
-2.040344941331565009e-12
2.816962812767627010e-12
7.046726056402315283e-13
3.619021091259651685e-12
1.746751141222066737e-13
9.912392202073984125e-13
1.176217781466799607e-18
5.473419558354208803e-12
-3.380734871588554228e-18
2.009355290771949202e-12
1.010482205574725673e-18
1.075502867198180546e-12
1.628606158102139550e-18
1.250530952810828578e-18
-5.315854139101721941e-12
2.875460001380647188e-12
1.495696289412190673e-18
6.204983123646989021e-11
3.933868582717253483e-12
2.311949438214986706e-12
-9.861661680219037878e-13
2.922838864325185173e-12
