1.698081307117948681e+07
2.572297382176151499e+07
1.185839410690174438e+07
2.784577381261571124e+07
1.504038642041471228e+07
1.504038642041471228e+07
1.409383846187452599e+07
1.725727715834819525e+07
1.504038642041471228e+07
7.881518229338401556e+07
2.134829157154101506e+07
1.504038642041471228e+07
9.830609739138364792e+06
1.708562116414965689e+07
1.300703034402124211e+07
1.818202910671949759e+07
2.640550458406252041e+07
7.498988919755389914e+06
2.317734203764083236e+07
2.195094676148164272e+07
1.694838164018020406e+07
2.014709974791407958e+07
1.393396446231889352e+07
1.619560967811306752e+07
3.938271534666422657e-01
1.590531260531835072e+07
1.277324270697680861e+07
1.786727706141019985e+07
1.504038642041471228e+07
1.582657128848090768e+07
1.722296884340583533e+07
1.722468057252389938e+07
1.448963970166760869e+07
1.504038642041471228e+07
2.164977497020676360e+07
2.822801381795447320e+07
1.508801753530181572e+07
7.692908178699629009e+07
1.504038642041471228e+07
2.400194734736312181e+07
1.522898613665448427e+08
2.682680171625893563e+07
5.310593927825237066e+07
1.504038642041471228e+07
1.963739112300518900e+04
1.826621531994057447e+07
1.196577213370341063e+07
2.604173966409216821e+07
1.504913019342258014e+07
1.411435060478197411e+07
2.558450558637343720e+07
2.537199887950288504e+07
1.363756115992955118e+07
4.084182784072703123e+07
1.741842950637893751e+07
2.604773706269443408e+07
4.389983538899901509e+07
2.188207150574208796e+07
1.390747387820323184e+07
7.111749588011412323e+07
1.660791478932915255e+07
1.504038642041471228e+07
5.550493349085124706e+00
1.879615681229012087e+07
2.116209910590281337e+07
1.607888859366609156e+07
1.504038642041471228e+07
1.599409602942467481e+07
2.653835921179872751e+07
2.228806098701744154e+07
1.372567963268865086e+07
7.808469490659222007e+07
1.241862001296545006e+07
1.796639444100064412e+07
1.504038642041471228e+07
2.845119798485229909e+07
8.172113246014575660e+07
4.408956098200682551e+07
1.869003594345020875e+07
1.969044756024565920e+07
1.314656120236275345e+07
1.568939046931139939e+07
4.866099460854384303e+07
2.861260022819167376e+07
1.193102602943076380e+07
1.449283607644277997e+07
6.030372661256244034e+07
1.610511737731611542e+07
2.789415222052660957e+07
1.457876562426009774e+07
1.195846937461106852e+07
1.515002641386215761e+07
2.482362534642817080e+07
1.865192418177211657e+07
1.504038642041471228e+07
1.504038642041471228e+07
1.866203608047669753e+07
1.603845988193849474e+07
1.572382756045727246e+07
1.836679150900478661e+07
