5.624488592690488696e+07
6.990665830778819323e+07
5.807974753137401491e+07
1.072453508283610791e+08
1.911882356005364954e+08
7.270190258585931361e+07
1.979193985608836114e+08
7.189507689124144614e+07
3.166318248868547082e+08
2.247171043798914850e+08
1.580802986689891815e+08
2.202941182596660554e+08
7.592594506282097660e+06
1.060955494857625365e+08
7.004509172466763854e+07
7.270493236167578399e+07
1.027352965358478576e+08
5.898480588990347087e+07
6.186730158146724850e+07
8.237430154609519243e+07
6.024845953759753704e+07
7.399962833806098998e+07
6.279161236550138891e+07
6.982461183200038970e+07
5.109027120037957365e-03
5.734304189518319815e+07
7.340326762724393606e+07
6.610937753383267671e+07
6.245545337683804333e+07
6.964892157942104340e+07
1.084435479366562963e+08
6.612083802661296725e+07
4.328761836066529900e+07
6.621827840443931520e+07
7.054890136991257966e+07
9.251814745638044178e+07
5.423162971625426412e+07
2.236339861427829564e+08
7.312679024673704803e+07
1.451811690844920874e+08
2.405051564849838316e+08
1.037281159482518286e+08
2.361426009134716988e+08
7.958282859017212689e+07
4.706215734506586887e+04
4.935442347231445462e+07
8.806710980622999370e+07
2.433904153291075677e+07
6.451557977052099258e+07
8.840319291043105721e+07
9.741377699011509120e+07
6.736303773936931789e+07
7.030557787921625376e+07
2.275622690115965605e+08
6.637316967171249539e+07
7.829414631405182183e+07
6.147167261210601032e+07
1.029905329067382962e+08
6.696137884634587914e+07
2.183207719997483790e+08
1.216576344314535558e+08
5.439587439284260571e+07
2.099621968486056062e-02
7.890672574171796441e+07
1.276088843816290349e+08
5.384677489425065368e+07
5.518719899322892725e+07
6.438977772314355522e+07
8.470082759379909933e+07
1.214359997706204653e+08
6.373681259408684820e+07
2.229686385013947487e+08
6.610671059085551649e+07
-1.543763841359987669e+07
8.727377098961223662e+07
6.416679155022991449e+07
3.961736251912661195e+08
2.371104918376773596e+08
7.558021358093284070e+07
8.945863800142373145e+07
6.074879198555875570e+07
5.760263648192728311e+07
1.698566242272708714e+08
1.811390010662964880e+08
6.832087138786666095e+07
4.866448332218173891e+07
1.967375320148174167e+08
6.518939939533015341e+07
1.559920713429999053e+08
6.517424780381760746e+07
7.913012742055577040e+07
8.802469507704673707e+07
6.045240506371522695e+07
6.789071330159687996e+07
7.530026632500112057e+07
9.700783624334085448e-03
6.332948878339540958e+07
6.252528136980814487e+07
1.014161378122535199e+08
1.020355716486660987e+08
