6.463164143758076243e+05
1.325172467409166973e+06
1.936927728938766988e+06
1.325172467409166973e+06
1.041028475153464009e+06
1.165859259704008000e+06
1.325172467409166973e+06
1.325172467409166973e+06
2.253889336352481507e+06
1.325172467409166973e+06
1.325172467409166973e+06
2.234698746604323387e+06
2.193777341116256721e+05
4.938695605783053907e+05
1.844511231973140035e+06
5.159977368107603397e+05
1.802536704478740226e+06
1.325172467409166973e+06
5.107896765715613728e+05
2.609999036314601253e+05
1.325172467409166973e+06
1.325172467409166973e+06
1.859118578281201189e+06
7.009037455197374802e+05
5.818882273012676546e-07
8.306072803244899260e+05
1.473672912932197563e+06
1.325172467409166973e+06
1.325172467409166973e+06
1.828125944003157318e+06
1.325172467409166973e+06
1.325172467409166973e+06
1.710846057822130620e+06
7.921608347329064272e+05
-5.235099786494562286e+05
1.325172467409166973e+06
3.417324930649664602e+05
2.184148864860666450e+06
8.313580738214257872e+05
9.106366737369496841e+05
1.805403497117060469e+06
6.608252221217287006e+05
1.325172467409166973e+06
1.325172467409166973e+06
9.476577742492885648e+01
7.580608847847011639e+05
1.325172467409166973e+06
1.813125838806007057e+06
1.805785113451050827e+06
1.220321380561964121e+06
1.325172467409166973e+06
1.325172467409166973e+06
1.806921007194760954e+06
1.325172467409166973e+06
6.512316809222572483e+05
1.325172467409166973e+06
1.325172467409166973e+06
1.325172467409166973e+06
1.105981906502482947e+06
2.238489609814894851e+06
8.343306323319404619e+05
1.849654583434936125e+06
1.325172467409166973e+06
6.815086011865725741e+05
1.325172467409166973e+06
4.788320865759148728e+05
1.325172467409166973e+06
1.325172467409166973e+06
9.958710968288920121e+05
1.177649025131512899e+06
1.905295932978667784e+06
1.325172467409166973e+06
1.823197051790945930e+06
7.141274896396565018e+05
1.357238968132708455e+06
1.325172467409166973e+06
2.080741046394367004e+06
1.325172467409166973e+06
1.025362933594516944e+06
1.325172467409166973e+06
1.325172467409166973e+06
4.967723255035547772e+05
1.325172467409166973e+06
1.348939373865073081e+06
1.325172467409166973e+06
1.325172467409166973e+06
1.325172467409166973e+06
1.325172467409166973e+06
1.800876623739042552e+06
1.262004607876823982e+06
1.862422141222909559e+06
1.837264226453809300e+06
3.616159136095091235e+05
1.325172467409166973e+06
1.855473594685811782e+06
1.325172467409166973e+06
-5.519053616945653921e+05
8.065305775827531470e+05
1.557048173960280837e+06
7.645211242444160162e+05
