5.413645609359009564e+07
5.476414798251159489e+07
6.155585279829677939e+07
4.430212254600875825e+07
3.948872011296597868e+07
4.759872204981414974e+07
6.618685076848943532e+07
5.316551305799455196e+07
8.969532656574338675e+07
8.397538158154150844e+07
3.956118002777733654e+07
6.371966100164835155e+07
4.696131488030417264e+07
3.089043305450339988e+07
6.187300270946283638e+07
4.278516126099128276e+07
5.569107543696194142e+07
4.079580887504237890e+07
2.802861061961115524e+07
2.698699593238038942e+07
4.290584007997354865e+07
5.241291783155818284e+07
6.645464578349613398e+07
4.920199777731753141e+07
1.854864123836496084e-03
1.995756668037124351e+07
2.178831922672604397e+07
7.521040259855543077e+07
6.880566187197993696e+07
4.751472515389296412e+07
5.453483289211850613e+07
5.040706620638559759e+07
5.002856837756559998e+07
3.814982402291620523e+07
3.077577534798951074e+07
3.688968868533348292e+07
5.402458730801480263e+07
6.667751813786645979e+07
4.701119396331205964e+07
3.912329230412799865e+07
3.113628411811147332e+08
7.358404068366454542e+07
2.092124338120806217e+08
7.425481843553499877e+07
3.616884287983169779e+05
5.568353611881391704e+07
5.701396639871743321e+07
5.470110150183484703e+07
4.915516542782113701e+07
7.520529191378790140e+07
6.751532742007817328e+07
5.659507105476126075e+07
7.203027466788962483e+07
9.814840830942510068e+07
4.612859049375357479e+07
6.599722491777525842e+07
2.517706502943464369e+07
4.760821595681043714e+07
5.477643535214859992e+07
6.366599313132062554e+07
6.370341787585292757e+07
2.970535176068243757e+07
4.442025793724103315e-04
4.209773546256110817e+07
4.068148588755898178e+07
4.214615630850517005e+07
5.181551548979619890e+07
3.546275634504693747e+07
4.001234840955363959e+07
8.310262214527805150e+07
6.522801476664962620e+07
1.877203384704990685e+08
5.996621768250273168e+07
4.995495561947714537e+07
3.175164060740220919e+07
8.005385203254295886e+07
6.944198663319653273e+07
7.553867444447326660e+07
2.259878766478182748e+07
2.811108178272186965e+07
5.440121851703177392e+07
3.688982555131057650e+07
5.083688744981650263e+07
4.723795085006474704e+07
5.916515162536280602e+07
4.954168509383211285e+07
6.446175871759120375e+07
5.530655134587411582e+07
6.814234513312581182e+07
4.554370546054931730e+07
6.232838722374344617e+07
5.310324097345523536e+07
8.559383738376057148e+07
3.673909035434293747e+07
6.634234127751386911e+07
2.809629452568017036e-03
8.721032658641530573e+07
2.329775765900932625e+07
5.337687007606977224e+07
8.570246556742335856e+07
