3.449784434920442849e+07
5.425445945194557309e+07
2.500208620361171663e+07
7.922456861797794700e+07
5.953210261313252896e+07
5.071780054553183168e+07
5.156055534993709624e+07
4.183318417065779865e+07
1.418058862663605809e+08
1.794741235295743942e+08
4.498413814434947073e+07
1.593496255561903715e+08
6.959958499335273169e+06
3.528415340542240441e+07
5.065080073886345327e+07
3.237353506832673028e+07
5.550058179797306657e+07
5.149748612551728263e+06
3.300432540711469576e+07
5.126037327156036161e+06
4.498413814434947073e+07
4.833190306996487826e+07
5.257419303606499732e+07
3.589774664295165241e+07
7.210010074535635680e-04
3.948944572475798428e+07
2.557647747773269191e+07
-6.538869300111033954e+06
2.976877858702345192e+07
5.369270771222341061e+07
5.400254172892080247e+07
4.498413814434947073e+07
5.069287102571011335e+07
2.650259684671648219e+07
3.969961883422269672e+07
6.275020322079946101e+07
2.178654863757320866e+07
4.498413814434947073e+07
3.890009053275772929e+07
4.498413814434947073e+07
1.938538204756422937e+08
5.967597208829468116e+06
4.498413814434947073e+07
3.518610436330263317e+07
3.841956445445605641e+04
1.672291164566208050e+07
5.334930856429875642e+07
5.443786068136975169e+07
5.406774342233078927e+07
1.678781485762559995e+07
5.279294108338186145e+07
5.275161139447887987e+07
5.367413763696867228e+07
9.135898067903976142e+07
4.498413814434947073e+07
5.447468956800434738e+07
4.116132206249774992e+07
1.196643571745919250e+07
4.281250762603710592e+07
1.615320562696434855e+08
3.761732837865562737e+07
5.373375707669806480e+07
4.451937036692622460e-03
3.907761848468461633e+07
4.448005503275364637e+07
1.296433856365048699e+07
5.053305885058391094e+07
3.154405496107644215e+07
5.757236965312024951e+07
4.498413814434947073e+07
2.647188050306674466e+07
1.777829348620192707e+08
5.328798520927593112e+07
3.624922979162245244e+07
5.301241500486851484e+07
4.481654375416920334e+07
1.863020049935434461e+08
1.050887787678368688e+08
4.498413814434947073e+07
4.092093792004563659e+07
4.498413814434947073e+07
3.197528107972886041e+07
4.498413814434947073e+07
7.170699611897601187e+07
2.915652672979262099e+07
2.013340543910203129e+07
1.464080427438711226e+08
2.606191812053160742e+07
4.265923254528019577e+07
4.467533086743880063e+07
5.232002230145451427e+07
5.852706920245270431e+07
4.843245902628480457e+06
3.892984778711119294e+07
4.939876369347733259e+07
9.662871334085032168e-03
3.443169182963272929e+07
3.813504342264948040e+07
1.489847868918930367e+07
3.599692901977483183e+07
