1.658476798253521509e+07
4.560951737708632648e+07
3.861822165027423203e+07
8.370623224362622201e+07
7.709093438921855390e+07
3.538492567989741266e+07
2.502450163367028162e+07
2.375290901384228840e+07
1.125711980946131498e+08
3.094628363171030879e+08
3.535464889203189313e+07
1.138748408974058032e+08
4.963491842616808601e+06
1.620888155303014256e+07
4.236250042200852185e+07
2.149440499323023111e+07
3.175931173960376531e+07
6.269368587207062170e+06
1.926240431615413353e+07
5.725706679563471116e+06
1.317487227214697748e+07
3.500888519101406634e+07
2.445129190752577409e+07
1.784279225444063172e+07
7.887045705916200574e-04
2.181262671000194550e+07
3.384972077516716719e+07
1.057759005248198658e+07
4.365203595422270894e+07
2.761849614834715798e+07
4.687391431293844432e+07
3.427426839344686270e+07
1.717965133187944442e+07
2.262486531870992109e+07
3.019538676926711202e+07
3.901711829477306455e+07
7.535010530888695270e+06
1.142327233006301820e+08
2.212508466008039191e+07
3.306765502680610865e+07
9.866664800721693039e+07
3.019538676926711202e+07
8.846322234662501141e+06
7.488776842077966779e+06
2.235255249893380551e+03
1.314719358993992954e+07
4.436965884769386053e+07
2.979159826360660046e+07
3.213207183821791038e+07
2.545359863704628497e+07
1.918276424576971680e+07
4.389827772368345410e+07
4.555908761021389812e+07
1.165857120010790825e+08
1.759404767818673700e+07
4.719840455963556468e+07
1.619002290590193681e+07
-1.632743229324512882e+06
2.612516770163376257e+07
1.154144515612256974e+08
1.870303621672523767e+07
5.062832672799758613e+07
6.232786903360765240e-03
2.025642672034445405e+07
2.437217080231081694e+07
1.109854774991979077e+07
2.481656195610572770e+07
1.440933140863069333e+07
5.297265065081369877e+07
2.797646779078562558e+07
2.048814898205100745e+07
1.133704139023992419e+08
4.567720234316957742e+07
1.794284370950929821e+07
3.998221860850415379e+07
5.463611145818002522e+07
1.107692472203545421e+08
7.581643482592180371e+07
1.206061272574346513e+07
3.207652545630259439e+07
3.541355794798693806e+07
1.394082514887725748e+07
1.476579744101974070e+08
5.332613045876415819e+07
4.207898913182224333e+07
6.248250373082393780e+06
1.134294032022540718e+08
2.355297387909037247e+07
5.314200232938826084e+07
3.054575108422090113e+07
4.363041255542021245e+07
3.666774548976677656e+07
6.097028268281646073e+06
1.980265309513537586e+07
4.370960757919707894e+07
1.417102596683269058e-02
-8.315346159808696248e+06
2.020037232892912626e+07
1.305048387295376323e+07
1.581841098962746933e+07
