6.810941118637031317e+07
1.032641856405571103e+08
4.828958209138803184e+07
1.056781800582627207e+08
2.074191989475010037e+08
1.088946390139008760e+08
6.841155958675786853e+07
9.500146132569883764e+07
4.114391354855119586e+08
6.801576258561723232e+08
1.111995212525250018e+08
4.621209356678637862e+08
4.182485418806049973e+07
8.953211700180299580e+07
9.897265740573441982e+07
6.631164896828636527e+07
1.065434499022260010e+08
3.033750926639233157e+07
1.126983096458918601e+08
3.566749869347370416e+07
7.494025907188861072e+07
1.074244551073713601e+08
5.826638115052340925e+07
7.736113493755246699e+07
2.080267860314453151e-03
8.721279327395533025e+07
3.611580824249383807e+07
4.939400782902894169e+07
6.519416287694581598e+07
4.473524884399802983e+07
8.184117724831299484e+07
7.997538446854002774e+07
7.542157234206129611e+07
4.279513376523828506e+07
1.255523514162518531e+08
1.670226916613691151e+08
1.866389515702589229e+07
7.140390027297577858e+08
8.883552162074340880e+07
1.581001204916007519e+08
5.398296513756263256e+08
4.637952375879950076e+07
7.666142333914661407e+07
5.556236997291510552e+07
1.685291611683322862e+07
6.803644161631989479e+07
6.339437127306129783e+07
7.412592064164577425e+07
8.839345223526932299e+07
2.553405203998941928e+07
5.967220260213635862e+07
7.175104799589529634e+07
1.041620624536710232e+08
3.670509651363978386e+08
8.442695625593152642e+07
7.501088154113379121e+07
1.109749584642639607e+08
1.128495428017797880e+07
7.013687743298582733e+07
5.089988189507783055e+08
6.505102842192120850e+07
5.235464697425379604e+07
6.631164896828636527e+07
1.043079854501643330e+08
1.099179777256944627e+08
4.886712568750175834e+07
8.312298422042819858e+07
8.123697566231288016e+07
7.231994874015621841e+07
4.720387369113071263e+07
5.451161199470528215e+07
6.367251387452428341e+08
7.000039310082708299e+07
6.564129820883794129e+07
5.440470726974613965e+07
1.352709325770693421e+08
5.478478293013533354e+08
2.922546648012324572e+08
4.986744014364123344e+07
1.050130805730421096e+08
6.656558389324322343e+07
7.586854584002175927e+07
2.807757171270506978e+08
1.873873475826279819e+08
6.301163475078716874e+07
5.451618649978674948e+07
4.747491429224084616e+08
4.134682875845851004e+07
1.041325821559541970e+08
6.697670664687603712e+07
6.631164896828636527e+07
1.329478605341300666e+08
4.966169151813763380e+07
4.390498627453412861e+07
1.011310337617499381e+08
2.079807582198994406e-02
5.096394046735865623e+07
8.169647441079226136e+07
4.480088444061968476e+07
5.284045638256558031e+07
