6.739842539061364974e-08
6.632396698595564275e-08
1.080898249366701102e-07
2.005026478356231575e-08
1.971270532696496260e-08
4.496194464971493265e-08
7.486666790679795192e-08
5.378194463253209067e-08
8.712250688739727007e-09
5.804548420091313473e-09
3.607145129420318358e-08
7.604725280932022163e-09
1.030773806339773794e-07
3.809401169174093471e-08
8.239141741383094665e-08
5.366621636701230361e-08
5.736771565330439541e-08
1.014906040128752696e-07
2.690029602653421471e-08
1.755570832794326207e-07
8.072087103964382256e-08
4.311013296368156279e-08
7.986198507234499392e-08
7.104910115679766915e-08
4.264338263005675200e-08
6.323466794247346307e-08
8.517148328935693077e-08
2.210167636930675173e-07
8.038585616103614011e-08
6.811104008541052066e-08
6.356395783998077805e-08
6.275352168081448739e-08
1.202634198047684988e-07
5.210563665902445545e-08
3.165223141168612524e-08
2.247456674506359566e-08
1.135870815868639181e-07
6.198824646993080328e-09
6.138822306145326781e-08
2.933334794776095733e-08
3.965797594140698965e-09
3.623712858624478196e-07
1.018157064116436269e-06
1.948819657312602885e-07
9.065739600170602653e-08
9.300959265448495383e-08
7.987825506685912381e-08
6.181370418541966636e-08
5.862394002277727524e-08
1.340928222115827136e-07
1.063562473501878641e-07
7.813217798344690985e-08
6.515587041906251912e-08
1.269350526504980314e-08
6.451238733379424715e-08
6.197489559403955874e-08
1.867461256639344410e-08
4.578578838207206581e-07
8.191210726257954221e-08
7.420617173971661358e-09
9.935757627210716963e-08
5.621946447930611113e-08
2.634738592253965248e-08
4.815427014444826964e-08
3.477167698112755161e-08
9.034120667658861763e-08
7.284021102796388635e-08
5.716151755014948824e-08
2.816220489860382347e-08
2.717073075916785741e-07
9.754904264092619601e-08
5.952932365740880163e-09
6.804391790219494923e-08
7.074618872949619120e-08
4.801425593616693987e-08
4.361511484012364034e-08
5.204355587797088996e-09
1.291271032808232008e-08
1.647648309945515688e-07
3.865092660916568354e-08
7.269622924616695329e-08
5.501224542781851282e-08
1.410243506194799697e-08
2.316347200004398477e-08
8.307249924391826588e-08
1.294196149430234386e-07
8.261341819688207267e-09
5.769404017541464693e-08
4.625747265135634576e-08
7.620554146462055083e-08
8.259606169099056918e-08
4.956551140636065663e-08
2.599818589929083718e-07
4.481896306416663413e-08
7.971343078471684442e-08
3.034980621240270132e-10
2.054408706949130277e-07
7.123280717337961207e-08
1.966597652352833692e-07
1.798067288791967563e-07
