3.274031288407032564e+07
2.576894830649423972e+07
1.684323585021109134e+07
9.295251133032251894e+07
1.035502649944702387e+08
4.190660633774489909e+07
2.313556120558049530e+07
3.818598174871170521e+07
2.145114260488331020e+08
3.609691246981673241e+08
5.909252553731957078e+07
2.538040543643820286e+08
2.195382193005345017e+07
6.148839363199351728e+07
2.122166839661673084e+07
4.291907284388147295e+07
2.947268130351220444e+07
2.685005639839734882e+07
2.195382193005345017e+07
2.195382193005345017e+07
2.860601167621436715e+07
4.516570129423242807e+07
2.195382193005345017e+07
2.195382193005345017e+07
1.280638626562045634e-01
2.195382193005345017e+07
2.195382193005345017e+07
1.239684540360411629e+07
2.168712518404255435e+07
2.510655786836896837e+07
2.653436759650724381e+07
2.960756013038960844e+07
2.195382193005345017e+07
3.998209305032017082e+07
7.376639430621249974e+07
9.098209463229195774e+07
2.246594268979023024e+07
3.300960555739291906e+08
3.376242763753274828e+07
6.938910541841816902e+07
2.195382193005345017e+07
2.195382193005345017e+07
8.728474704540891573e+06
1.332245363440298662e+07
6.960432927003998775e+05
2.356099683352591470e+07
2.183146750512598082e+07
2.743803283780659735e+07
2.195382193005345017e+07
2.195382193005345017e+07
2.195382193005345017e+07
2.195382193005345017e+07
2.615962421571184322e+07
1.656117234910302758e+08
3.407141808506157249e+07
2.195382193005345017e+07
2.195382193005345017e+07
2.195382193005345017e+07
2.425289251495711133e+07
2.195382193005345017e+07
2.180182628237486258e+07
2.195382193005345017e+07
2.195382193005345017e+07
4.481384081691469252e+07
6.167809313511774689e+07
2.642475042262135074e+07
2.456492286699971557e+07
2.195382193005345017e+07
7.076797957400365174e+07
9.874116203102035448e+06
1.833440531995639205e+07
3.497569903988473415e+08
2.520719160141227022e+07
2.195382193005345017e+07
3.776706901057982445e+07
3.838127712207339704e+07
4.163506452928335071e+08
1.484683680587324798e+08
1.393307948501740396e+07
5.639637908866740018e+07
2.532751589693659544e+07
4.222843082128243148e+07
1.267778021880803555e+08
2.195382193005345017e+07
2.098749249066027626e+07
2.195382193005345017e+07
2.195382193005345017e+07
3.529995404149735719e+07
3.584302320876620710e+07
2.505437676620740816e+07
2.120788781094007194e+07
2.195382193005345017e+07
1.116168902691365778e+07
2.195382193005345017e+07
2.190075466685209796e+07
2.195382193005345017e+07
-1.291538025638560951e+07
2.958796574844216555e+07
1.142370932156537473e+07
1.369602002970393933e+07
