1.760627685125480220e+07
3.067622675632145256e+07
3.924940274395371228e+07
4.994546109621714801e+07
3.067622675632145256e+07
3.067622675632145256e+07
4.328635233896385133e+07
2.415298101361972094e+07
8.389185010645386577e+07
8.118632709476490319e+07
3.067622675632145256e+07
8.369169732421565056e+07
5.785153313588849269e+06
3.067622675632145256e+07
4.175074163440711796e+07
1.524057791910692863e+07
3.067622675632145256e+07
3.067622675632145256e+07
3.067622675632145256e+07
6.115239188010660931e+06
1.432734881449466199e+07
3.067622675632145256e+07
3.067622675632145256e+07
3.067622675632145256e+07
2.095685620539286436e-05
2.263461603319891542e+07
3.067622675632145256e+07
3.067622675632145256e+07
3.067622675632145256e+07
3.067622675632145256e+07
4.549504379179607332e+07
3.067622675632145256e+07
3.067622675632145256e+07
2.300058259565210342e+07
3.067622675632145256e+07
3.067622675632145256e+07
8.484485025509158149e+06
8.236138647428098321e+07
3.067622675632145256e+07
3.021933023638866469e+07
6.878916315208408237e+07
1.292226541941066645e+07
2.938738827358409390e+07
3.067622675632145256e+07
3.067622675632145256e+07
1.836071098321887106e+07
4.337853211394894123e+07
4.605443438176492602e+07
3.067622675632145256e+07
2.465581249785995483e+07
3.925848146490961313e+07
4.277929573892156780e+07
3.067622675632145256e+07
3.067622675632145256e+07
1.797018291944979504e+07
4.625990799133443832e+07
3.067622675632145256e+07
-1.259327312733202009e+06
2.681389107766356319e+07
8.389810063553757966e+07
1.956669056102623045e+07
4.914515518212100863e+07
1.839492495741774697e-04
2.041377129702131450e+07
3.067622675632145256e+07
1.224718686971212365e+07
3.897491792415023595e+07
3.067622675632145256e+07
3.320833448737309128e+07
2.066626672790040821e+07
3.067622675632145256e+07
8.161372308393891156e+07
3.067622675632145256e+07
3.067622675632145256e+07
3.895350066480395198e+07
5.204716055188797414e+07
7.884197697037485242e+07
3.067622675632145256e+07
3.067622675632145256e+07
2.098063145722641796e+07
3.524020934739612043e+07
1.460593102747061476e+07
7.142386428160738945e+07
4.611907717388331890e+07
4.188620935612544417e+07
3.067622675632145256e+07
8.353745294779905677e+07
2.465998955145573616e+07
5.084702114878737926e+07
3.067622675632145256e+07
4.214789231532862037e+07
5.050618795565638691e+07
7.819055772173693404e+06
1.974707699418321624e+07
3.067622675632145256e+07
1.516743730543365523e-04
3.067622675632145256e+07
3.067622675632145256e+07
2.713320649203473330e+07
1.546651075810219720e+07
