2.240358920520529896e+07
2.175340185224752128e+07
2.361437128872958571e+07
2.146990869765724242e+07
4.082996113936987519e+07
3.753441452240210772e+07
2.600988103325887769e+07
2.091215403891375661e+07
4.187093183918072283e+07
5.271968760325894505e+07
3.393499161573742330e+07
2.091215403891375661e+07
4.351953869874696434e+07
1.743287582023219392e+07
2.036496608787341416e+07
2.293492426913275942e+07
2.297639033007461950e+07
4.903035891661114246e+07
2.091215403891375661e+07
1.792692303993295878e+07
2.972272488411479443e+07
2.091215403891375661e+07
1.163419670048261806e+07
1.107056797256440297e+07
1.575993655160056990e-03
2.066852062862767279e+07
1.137239263251497038e+07
1.954565306876255199e+07
2.049044640835486725e+07
2.690339711849658564e+07
2.201331137166607380e+07
2.284872262510449067e+07
2.426530145574952662e+07
2.888116800793448091e+07
6.006513284636752307e+07
4.550084682308872044e+07
1.493627578555195965e+07
1.996652773907631636e+08
3.535801272966462374e+07
5.405438575892627984e+07
5.921298772478871047e+07
2.681624521442807093e+07
2.050694737810967490e+07
1.146891414754070900e+07
2.007921087811404723e+05
3.167253891281980276e+07
2.047741763811392337e+07
2.230056639486847073e+07
2.877370642279958352e+07
2.265291689825561270e+07
1.937333814025127888e+07
2.067434869577617571e+07
2.185969011288564652e+07
6.878415664724719524e+07
3.715503168565235287e+07
1.967151372663834691e+07
1.031190689285648614e+08
5.948080935375967622e+07
2.091215403891375661e+07
1.136531463291419297e+08
1.086490765148238465e+07
2.035941721605332568e+07
6.606822341847120098e-03
1.999307739243085682e+07
2.260919171637757123e+07
3.627304802071925998e+07
2.091215403891375661e+07
4.174935021414063871e+07
5.434960652044258267e+07
1.236054513574845530e+07
2.410067700129607320e+07
2.091215403891375661e+07
2.367137616660145670e+07
2.967531591761750355e+07
1.334697747138455883e+07
1.434015917030609213e+07
1.134475805789182633e+08
9.650057527788074315e+07
2.802635179069830850e+07
4.870057676382348686e+07
1.173091480606701039e+07
1.099573058255384304e+07
5.743323888898640126e+07
3.857767272958777100e+07
2.028713219547160715e+07
2.092913558303938061e+07
2.091215403891375661e+07
2.965484333505146578e+07
3.232451862443011999e+07
2.889235224670890346e+07
2.518826132069674134e+07
1.975931374811165035e+07
1.717449583683746308e+07
2.502850540912624821e+07
2.548126430591265485e+07
2.610284987541651844e+03
2.508333582006683946e+07
2.794543301076589897e+07
2.342896320212317631e+07
3.053112285357627645e+07
