9.059864282701069117e+07
1.431745035992013812e+08
1.282016445383013785e+08
2.155311319448803961e+08
2.032825117288838625e+08
1.275163967491674125e+08
1.381246138946485817e+08
1.196508847682315856e+08
4.540363994749538302e+08
5.520421358916000128e+08
1.204622664796898812e+08
4.842368939450807571e+08
5.375649100771498680e+07
1.163158966961832941e+08
7.666037213001532853e+07
7.666037213001532853e+07
1.512932294552206099e+08
8.736928201622137427e+07
1.346736258221928775e+08
5.933583440017528087e+07
6.965592114616709948e+07
9.309755060402414203e+07
7.666037213001532853e+07
8.910616220766668022e+07
7.666037213001532853e+07
1.121826029009294957e+08
8.854382541265603900e+07
6.628538224216007441e+07
1.353754493461093009e+08
1.420729884024446309e+08
1.451458613862061799e+08
7.666037213001532853e+07
1.222172188653708696e+08
1.180849676461002976e+08
1.500777153353545368e+08
1.886782314709792733e+08
6.691907571307054162e+07
7.666037213001532853e+07
7.464064877870379388e+07
7.666037213001532853e+07
6.047493851478781700e+08
8.745446513725145161e+07
7.666037213001532853e+07
6.617952040498524159e+07
1.204321707910749101e+05
8.303727708171908557e+07
4.915793772260093689e+07
1.470013262205346823e+08
9.232691250282333791e+07
4.263606907201679051e+07
7.666037213001532853e+07
1.364835415971371531e+08
1.438744791756509840e+08
2.793040356750204563e+08
1.008767073749696463e+08
7.686709263496558368e+07
1.276341476716450006e+08
2.683989209463002533e+07
9.186218092611022294e+07
4.883647375606505275e+08
7.671726085532014072e+07
6.329396717325469106e+07
2.132755602428067221e-02
9.562578384392981231e+07
1.333483112804977596e+08
7.678673873369850218e+07
9.528441460078324378e+07
9.388861183140084147e+07
1.609057361785039902e+08
3.869222216229061782e+07
7.666037213001532853e+07
5.557915865304600000e+08
8.302959000472936034e+07
1.019329029406910539e+08
7.832439637024420500e+07
1.010310135478525460e+08
7.666037213001532853e+07
2.755007708086343408e+08
7.666037213001532853e+07
1.217074859997034669e+08
7.343669788366562128e+07
9.416895681499536335e+07
3.133008173293887377e+08
1.920426621816797853e+08
1.342479520483172834e+08
6.195058607534413785e+07
4.671463762497718930e+08
1.072105230906939805e+08
7.666037213001532853e+07
8.350609083901911974e+07
4.818792427615305781e+07
1.613230639500041008e+08
7.599139481956335902e+07
1.031785565275491327e+08
4.935894845798120648e+07
5.178985653687995182e+03
7.666037213001532853e+07
8.292157158190052211e+07
1.210098326203048825e+08
7.888437144002333283e+07
