6.311966165058256593e+05
1.294171645821918733e+06
1.294171645821918733e+06
1.294171645821918733e+06
1.294171645821918733e+06
1.138585379665205488e+06
1.794886870734371711e+06
8.235068239975083852e+05
2.201162263545543887e+06
2.098609119688516948e+06
1.294171645821918733e+06
2.182420672727936413e+06
1.294171645821918733e+06
4.823160741294318577e+05
1.801361124513808172e+06
5.039265882063400932e+05
1.294171645821918733e+06
1.374876355250638153e+05
4.988403642949633650e+05
1.294171645821918733e+06
1.294171645821918733e+06
1.002105630068042898e+06
1.294171645821918733e+06
6.845069424723460106e+05
5.682756497472168873e-07
8.111762185230193427e+05
1.294171645821918733e+06
4.639559357426071656e+05
1.810374483917151811e+06
1.294171645821918733e+06
1.777414021470825421e+06
1.276547740108764730e+06
1.294171645821918733e+06
7.736291814510182012e+05
1.294171645821918733e+06
9.547247311220812844e+05
1.294171645821918733e+06
2.133053340372683946e+06
8.119094481081292033e+05
1.294171645821918733e+06
1.763168123067880748e+06
6.453660080736431992e+05
1.395704252223977819e+06
5.820756704040383920e+05
9.254884564362153299e+01
7.403269589601489715e+05
1.849395304997844389e+06
1.770709951836702647e+06
1.763540911225819495e+06
1.294171645821918733e+06
1.881332555634780554e+06
1.294171645821918733e+06
1.764650247135163518e+06
1.294171645821918733e+06
1.294171645821918733e+06
1.772471585603029700e+06
3.741886442424994311e+05
4.228957978403811285e+04
1.080108785410564393e+06
2.186122880974784493e+06
1.294171645821918733e+06
1.806384088748332113e+06
1.294171645821918733e+06
1.294171645821918733e+06
1.294171645821918733e+06
4.676303838166655041e+05
1.569529351762063103e+06
1.294171645821918733e+06
9.725738861176474020e+05
1.150099337653154973e+06
1.860723794538622955e+06
2.111112738540843595e+06
1.780545492685758742e+06
6.974213329391914885e+05
1.294171645821918733e+06
1.754843874404970789e+06
2.032064638501018984e+06
1.598125950221270323e+06
1.001375796710079070e+06
1.294171645821918733e+06
1.294171645821918733e+06
4.851509323545259540e+05
1.933884423096903600e+06
1.294171645821918733e+06
1.294171645821918733e+06
2.808807673885385157e+05
2.186118095307031181e+06
8.621928042988223024e+05
1.758747299332460854e+06
1.294171645821918733e+06
1.818853011946176412e+06
1.794283579316111049e+06
3.531563427272248082e+05
6.300343478283765726e+05
1.294171645821918733e+06
1.294171645821918733e+06
-5.389941972564782482e+05
7.876627613849013578e+05
1.294171645821918733e+06
1.294171645821918733e+06
