3.485262565084017068e+07
3.624823042930596322e+07
1.572641404449292123e+08
5.739668393657449633e+07
8.191837149063082039e+07
3.228860046567172557e+07
2.393418808935854957e+07
4.057337363703675568e+07
1.454711054530837238e+08
2.682701927447755635e+08
1.880854493053369820e+08
1.197618311882365793e+08
2.350582781871548295e+07
3.048526497436731681e+07
1.768646169219341278e+08
2.606269655836626515e+07
3.082842664848887920e+07
3.948102510551494360e+07
3.628192230455981940e+07
1.793919615380438417e+07
3.082842664848887920e+07
6.070889552435668558e+07
4.059486566282492876e+07
2.904635983996348083e+07
7.234450430741281093e-03
3.669658774615485966e+07
2.222710843041346222e+07
2.777181988521146402e+07
1.788548022227049172e+08
3.082842664848887920e+07
3.709261485528202355e+07
3.082842664848887920e+07
2.653556121174203604e+07
2.816332722058159858e+07
3.082842664848887920e+07
7.414272854241204262e+07
1.893818103532065079e+07
2.978125841793797612e+08
3.735177361485058069e+07
2.127689560532917082e+08
1.507434857257473767e+08
7.795633262914800644e+07
7.320696060035370290e+07
3.082842664848887920e+07
3.082842664848887920e+07
1.461857727944276035e+08
2.311926725315230340e+07
2.690860647878558561e+07
2.024792727089380026e+08
3.082842664848887920e+07
2.767552385235312954e+07
3.266550167560083419e+07
2.601740961974053830e+07
8.638533546357278526e+07
3.082842664848887920e+07
3.082842664848887920e+07
5.899621096560657024e+07
2.963411629668705538e+07
2.741957906220197305e+07
4.900626002240910530e+08
1.450301612038675845e+08
2.062020410897529721e+08
1.640525230520176181e-02
2.880348553717793897e+07
3.484800556638280302e+07
2.069706870985919982e+07
3.419823528913573921e+07
2.534745680274707079e+07
4.242168876389761269e+07
3.451723280285301805e+07
3.082842664848887920e+07
1.785374017454858422e+08
4.479569862134464830e+07
2.914417802250588313e+07
2.061733997500542402e+08
3.435233642671090364e+07
2.794030004059029818e+08
9.508923315696129203e+07
1.177049625760450512e+08
4.836555147668519616e+07
1.799617413509903848e+08
3.780762246552435309e+07
3.561250015916188359e+08
3.082842664848887920e+07
2.248935314975601807e+07
2.157975379053596407e+07
4.681597568006276488e+08
2.690841347286425903e+07
4.700561929827647656e+07
1.731770216871368885e+08
2.875717090425843373e+07
2.150713022502869368e+08
1.885381084785886854e+07
2.967148020467619970e+07
2.309275184482574090e+07
2.073134430611200951e-02
2.715632645027082041e+07
3.424272399500913173e+07
1.121788689141397178e+08
1.784113539778161049e+07
