3.183683823188683391e+07
4.141962416183202062e+06
4.467376348116477951e+06
3.932154566583334003e+06
6.091673304728544317e+06
2.326886695182081461e+08
1.342228678187230043e+07
2.959885167510755826e+06
1.441465070802972279e+07
1.869306025188759342e+07
1.364310127051447928e+08
6.119289880443956703e+06
4.669360052139370888e+07
9.899308992560903728e+07
2.912550594539373517e+08
8.772550748452398181e+07
4.340149883047926240e+06
3.178355769367685542e+07
1.006349517099168301e+08
1.742306989653402194e+07
9.449406863606543839e+07
9.322312122132033110e+06
2.959837015942408442e+08
1.235703448318445534e+08
1.586838531948653016e-04
1.016429267370613851e+07
3.749151668800435029e+06
2.510074100481659174e+07
3.956849235972468741e+06
7.652027484413854778e+06
4.500466948860558681e+06
3.897435946581497043e+07
1.074926432662852854e+07
2.634047693733103573e+06
1.148204119599615633e+08
1.342228678187230043e+07
2.082041534597116709e+07
1.342228678187230043e+07
1.001394281615469046e+07
1.691202839020124674e+08
1.342228678187230043e+07
4.724558766032387316e+07
2.770202515047405958e+08
4.335479100248932838e+06
3.166800094054740111e+04
1.280650559008431435e+07
4.000389814087673556e+06
4.443181648313372396e+06
3.996431627747498453e+06
1.854781632212505117e+07
3.223491901509804651e+07
2.963121004891150594e+08
1.342228678187230043e+07
2.271189799199026525e+08
5.265012393056165427e+06
4.175028451619036496e+07
8.942641487384487689e+07
2.529571191363379359e+07
1.266247334283800237e+07
1.576947628826535493e+07
1.310717742393167317e+08
3.613969203685173765e+06
1.278184599044870917e-03
5.705200294475700706e+06
2.780621978924972005e+06
7.635488549830707908e+07
3.670513370642066468e+06
9.061101130672046915e+06
2.203695242237621844e+08
3.732561981816153228e+07
1.413266411654880270e+07
4.726485091305958629e+08
1.165872052428537235e+07
3.212824293647967279e+07
4.851710901665959507e+06
1.342228678187230043e+07
5.233991658321606517e+08
3.527434445206508636e+08
1.112037715950461626e+08
4.047944718666257337e+06
3.697915037874719501e+07
9.082135707676041871e+06
4.909447834910664707e+06
3.529142943698562682e+06
3.602531513862649351e+07
2.176310665304935724e+07
4.558747684120337963e+08
2.806426782281548716e+06
3.523214900494583882e+06
3.535022003714161366e+07
4.989981409957965836e+06
3.274745511830271482e+08
3.434773446998570114e+07
2.356138809105453081e+06
3.938532417132342700e+06
1.021660594737747738e-03
1.073005680501377285e+08
3.304594670056245103e+07
2.433201404275639355e+08
2.272979716345081478e+07
