5.996445158980756067e+06
3.330756499491332099e+07
3.411814900236613303e+07
1.011704697915973812e+08
1.041332086189744063e+07
8.483676077490629628e+06
3.928202817653141171e+07
4.098822787211530656e+07
2.329195225282583386e+07
2.460664131607934460e+07
6.884333280758245289e+07
2.277963013194257393e+07
1.089602141084618494e+07
5.518678023231104948e+06
9.892618118837494403e+06
9.761060872503848746e+06
9.587779969953630120e+06
3.824109919452054892e+06
6.476072347289896011e+07
8.164737273240568116e+06
6.750243877320067026e+06
4.863633674655909091e+07
1.135763786784162372e+07
6.239552350375551730e+06
1.055911561587358303e-03
3.227455695241564885e+07
3.022832294414491206e+07
9.761060872503848746e+06
1.069828791971827857e+07
1.034180648342324793e+07
5.609865261304486543e+07
3.199323387863034010e+07
1.069167686407160759e+07
7.289669994521089830e+06
6.389133938635299914e+06
1.018402821150285564e+07
7.141207127225965261e+06
2.355891893083968014e+07
7.187842381035665050e+06
8.763327172845434397e+06
3.042379884455887601e+07
1.166733614001926035e+07
1.726760297794123739e+07
8.986100078450955451e+06
8.834456020510962844e+03
7.001918752968804911e+06
4.554942672855722159e+07
5.841700983727718145e+07
1.020243698562364839e+07
9.589614593154672533e+06
9.913151271396968514e+06
1.135228444555262662e+07
1.296801691936072707e+07
1.976507104534910917e+08
9.761060872503848746e+06
4.306034013689588755e+07
5.945732352881440893e+06
1.898811764452362666e+06
7.978333516759105958e+06
3.762641392475606799e+08
2.637686526898248866e+07
9.245890317504093051e+06
9.945578958535429039e-04
3.865519956510739028e+07
5.407144616779725254e+07
5.490714795182817616e+06
9.580978952090468258e+06
5.820723768317069858e+06
9.916645065247711539e+07
1.375690570976208709e+07
1.297765882112508640e+07
2.732604183905480802e+07
1.109774238847674057e+07
7.018538960410824046e+06
8.306111939538169652e+06
4.986970960040662438e+07
2.490416414604890347e+07
1.472755409362202138e+07
1.236375266338743828e+07
6.771502642062139697e+06
9.665803234889984131e+06
6.427810390518420376e+06
1.498834758528940938e+07
1.079030048373841494e+07
9.761060872503848746e+06
5.576306054105151445e+06
3.521418031129539609e+08
7.031208980311697349e+06
4.623938672068350017e+07
3.310088910545907915e+07
9.619754287478037179e+06
9.820437066130084917e+06
9.761060872503848746e+06
6.372247246642879210e+06
9.444316545120975003e+06
1.352585435557189823e-03
9.743039312851360068e+06
3.065905351803929731e+07
1.357651377003283240e+07
9.587915758670754731e+06
