2.341279564485419542e+07
4.426540881409469247e+07
2.840329478044759855e+07
1.088854361282756478e+08
4.722681407605677843e+07
1.225834986802506633e+07
8.481982006335134804e+07
1.015056359474786930e+07
1.401982715720689297e+08
4.690751310951434970e+08
1.177447641443534940e+07
3.234128983727062345e+08
5.133786669456293806e+06
9.732941014775127172e+06
8.564175293704520166e+07
3.780186577142266929e+07
1.320126426587558724e+07
1.575530685631319880e+07
7.708225263397589326e+07
1.807337090161114559e+07
1.899803971399804205e+07
8.865858696509310603e+07
1.164983194952103123e+07
3.704486430649587512e+07
9.339331611513310670e-04
3.501134933907263726e+07
1.218175695772350207e+07
3.426220158572918922e+07
1.211130140089888498e+07
4.261323892231204361e+07
1.262439736266224459e+07
8.174481365612462163e+07
5.106704213005384058e+07
3.780186577142266929e+07
7.178849721268695593e+07
1.598042118866332248e+07
3.780186577142266929e+07
1.675309452844387293e+08
1.085124090048624575e+07
1.417442511328035593e+07
1.888436235864550769e+08
8.347261062966347672e+06
1.922262330192023516e+07
3.173460143259979039e+07
3.162917768986351439e+04
1.992814894301103801e+07
3.780186577142266929e+07
3.297947838714297488e+07
1.000943861373326480e+08
1.150343428687692247e+07
3.949799386757941544e+07
1.165793307930895500e+07
9.603526532735948265e+07
2.657559199415919557e+07
8.688582517009703442e+06
9.823521222461456060e+07
7.828468118458129466e+07
5.309111139737411402e+06
3.620889524250400066e+07
4.006124588883269429e+08
1.974811649235307425e+07
1.024636887206384391e+08
3.780186577142266929e+07
2.989847580363394693e+07
1.443182897450389527e+07
2.563874522320554033e+07
4.167535574040935934e+07
3.780186577142266929e+07
3.841738151458102465e+07
1.294260595793465711e+07
8.891036236306372285e+07
4.877944016265755147e+07
5.215206528473260999e+07
1.786074688433773443e+07
4.610887379772409797e+07
1.701546812568607926e+07
2.363483202575270236e+08
3.030520048946723342e+07
1.018060845306727849e+07
7.415628737318260968e+07
4.036864527707431465e+07
2.942243258573014662e+07
2.238158346486406326e+08
6.672843235887403041e+07
3.534096663135236502e+07
1.783418917614042759e+07
4.394914203439836949e+07
4.322804270412104577e+07
1.057132194772840142e+08
4.883992127181489766e+07
1.230095795016776212e+07
3.591352740688873827e+07
1.496339525831205212e+07
3.947867291003024578e+07
2.566423642258574441e+07
2.332476249479215752e-02
-8.952492933130860329e+06
1.092296832091764361e+07
1.304082277084392495e+07
1.175072534892173111e+07
