2.879654556422246620e+07
2.285411684731118381e+07
3.732168355025946349e+07
3.311332680414079130e+07
2.285411684731118381e+07
3.463832477231154591e+07
1.188932082482334040e+07
2.555472541916405782e+07
1.880406026912058890e+08
2.355106173635308444e+08
1.335305179820562899e+07
1.924846505754736364e+08
1.163296997320785560e+07
3.056952877926249057e+07
2.766524462128707767e+07
1.576620430942614377e+07
5.090587898816721141e+07
8.707468618039244786e+06
1.396849865468686447e+07
6.065807159169232473e+06
2.356423647846410796e+07
3.357306101616696268e+07
2.042371197493053600e+07
1.885728150374373421e+07
1.613713486218958072e-04
3.408739860614689440e+07
9.792421911160800606e+06
-3.217427094241871499e+06
2.285411684731118381e+07
2.285411684731118381e+07
2.646180134946300462e+07
2.285411684731118381e+07
3.353783333119533584e+07
2.285411684731118381e+07
2.285411684731118381e+07
7.069084839760933816e+07
-3.581805665503985714e+06
1.194813556264081299e+08
3.473868240613942593e+07
5.790260085116250068e+07
2.470244073813534379e+08
8.839399782967960462e+06
1.452169385104962625e+07
1.586835285271601565e+07
2.185392296869176789e+04
6.534780726249299943e+06
3.602855586696933210e+07
4.873744275039890409e+07
5.048379035631727427e+07
2.067448821548990533e+07
9.722925021885775030e+06
2.331166417055907845e+07
1.308829957382079773e+07
1.104376760743455440e+08
7.755623839059949853e+06
3.896015078109946102e+07
4.055223315481688082e+07
-1.619905384993041400e+06
3.351510496976600215e+07
2.285411684731118381e+07
1.665202673558444530e+07
3.616722436055216193e+07
2.962632559415449493e-03
3.662734136376456916e+07
4.622123714463191479e+07
1.287344731485158578e+07
4.232572819903238118e+07
2.851999598324523494e+07
5.239887361131161451e+07
1.324232663843715377e+07
2.537312396460238099e+07
2.001058089834954143e+08
3.657611793087257445e+07
2.944673306189101562e+07
3.543052264343836904e+07
3.600278279263144732e+07
1.340778658310091794e+08
1.273412927659102380e+08
2.285411684731118381e+07
3.350678907485597581e+07
1.913443686464812607e+07
1.655546260107514635e+07
1.312676689236936420e+08
8.074962999445153773e+07
2.759303228985827416e+07
2.285411684731118381e+07
1.744238333927879632e+08
3.719901965481445193e+07
5.788112081035628915e+07
2.442024951787919551e+07
4.196462346633906662e+07
4.531760167147030681e+07
6.486802182286116295e+06
2.538299348992501944e+07
4.270861218962804973e+07
2.285411684731118381e+07
1.108268865065262839e+07
8.124215339976822026e+06
1.344027370033821091e+07
4.647285477136120200e+06
