1.654642916195816733e+07
6.557382456119701266e+07
1.162951926250219345e+08
2.023418149310592934e+07
1.229154248985633701e+08
1.169806032257737368e+08
1.078470187408180535e+08
1.759562937640020251e+07
4.048736571251083910e+07
3.623303441612216234e+08
9.966285980743652582e+07
3.253988745589264035e+08
4.911688272750901990e+06
1.078840993454122730e+07
7.043677528705720603e+07
1.198046281266939640e+07
4.667073429116234928e+07
4.050305108051721007e+07
9.665829157155840099e+07
1.701405483374649286e+07
7.493864412580427527e+07
1.076457923712204248e+08
8.514651756327256560e+07
3.546319676093281806e+07
4.122762060870780072e-03
9.282194067334407568e+07
2.918056254106116295e+07
4.966414528358414769e+07
5.559333838673605025e+07
4.186017563932150602e+07
4.958121958360301703e+07
3.546123646822933853e+07
6.741945092282187939e+07
-1.025658266486272961e+07
8.006333067795105278e+07
1.142344621331376135e+08
1.379709223169473559e+07
2.968216012835140899e+07
9.730399222391420603e+07
1.217141819111393951e+07
1.860621137877173722e+07
9.677662245269288123e+07
1.497518325770470202e+08
9.401043803906279802e+07
2.810794536694693379e+05
4.139488127933182567e+07
7.399563389328964055e+07
5.668553492364923656e+07
6.432420494282673299e+07
6.288948242949322611e+07
3.928962687504468113e+07
6.675571074428514391e+07
7.758131445224981010e+07
2.304329003933436796e+07
8.212144642719544470e+07
3.690579937534545362e+07
6.029309098116884381e+07
1.176307076188140363e+07
3.313016354245925695e+07
3.238545554144759104e+07
4.374432642315056920e+07
7.086530014172546566e+07
2.106646171838291032e-02
9.788676282045112550e+07
1.488313568541465886e+07
8.853406059555392712e+06
4.853950305854412168e+07
7.694019693427565694e+07
1.470967016591996886e+07
1.152085223464854062e+08
6.503866282844226807e+07
2.196634186716040969e+08
1.149408807531233728e+08
9.501769960070350766e+07
5.219264076756966859e+07
1.104425778107197881e+08
2.340081904655976966e+07
2.434576310830727965e+07
4.741208790974678099e+07
1.001753138877704144e+08
3.490176528464710712e+07
7.806507469929207861e+07
2.068831335789473355e+08
2.746312861286439002e+07
8.247744168573589623e+07
1.568022317612690851e+07
2.462233829704392329e+07
9.015104669164308906e+07
1.245722472054323256e+08
5.695813520879380405e+07
1.282231656512576044e+08
1.190174921455698609e+08
3.325866434337353334e+07
9.132590638862122595e+07
6.218486266423308849e+07
1.417006839935620183e-02
2.987522691443392634e+07
8.214860473887200654e+07
1.039074732457402349e+08
9.546623674628326297e+07
