1.823254274582462385e+07
7.526346299061426520e+07
7.669608264196600020e+07
4.249566865084984154e+07
3.491224668387454003e+07
1.027268528340879530e+08
4.743641671614160389e+07
2.804699296048121527e+07
6.574578070654732734e+07
6.799253623572550714e+07
2.252842240889210999e+07
8.485935757111172378e+07
1.103301718255713210e+07
1.400483094562615082e+07
7.252694669187612832e+07
1.873873048233133182e+07
3.060803196877446026e+07
5.814562564125847071e+06
2.257844259715469554e+07
1.523546527989780530e+07
2.033419699494422972e+07
4.554311314788376540e+07
3.982866845074817538e+07
1.305963720532542840e+07
3.052396524240425348e-05
3.082433790827329829e+07
3.910640977836598456e+07
2.441755540310541168e+07
1.949957173433804512e+07
6.718577354589380324e+07
7.133412845987722278e+07
4.161037749367184937e+07
6.572623280704831332e+07
2.208203438575959206e+07
2.102038147836992517e+07
2.896302216250747442e+07
2.407366573941057920e+07
6.900544748734839261e+07
2.890555122605239600e+07
3.065640704936151206e+07
6.976890885384534299e+07
6.258058951807167381e+07
1.546657873123903871e+08
3.691324026898496598e+07
5.979065451596895400e+03
-8.849723216895988211e+06
3.867135877497883886e+07
6.289836798094116896e+07
5.951753040782845020e+07
1.871177276040809974e+07
5.980097380131675303e+07
5.851374992649877071e+07
5.731111187766277045e+07
3.860549797235466540e+07
2.159571830178610981e+07
6.413493594366859645e+07
1.175033783207507804e+07
1.054490285215214267e+07
4.750907564753495157e+07
9.083315924852378666e+07
3.132552232163595036e+07
4.806584747174147516e+07
2.327740290512898748e-04
2.037799795520696789e+07
2.051510313916483149e+07
1.715527711185606197e+07
5.150520791716145724e+07
2.403954001472273842e+07
2.692867124482272193e+07
6.841237226510740817e+07
6.518560656383284926e+07
8.958684439137172699e+07
6.611948348773521185e+07
2.390408355737641081e+07
3.722074263083034754e+07
5.909547433454646915e+07
6.739069846830883622e+07
5.444655185912509263e+07
3.863335875041833520e+07
2.640749592670898139e+07
6.145186395846323669e+07
1.520380269802153297e+07
6.600283874906064570e+07
4.395919674191288650e+07
3.195880223654860258e+07
1.962226960125253350e+07
4.021573373257812858e+07
3.119023827755606174e+07
5.855778536864998937e+07
4.377397201091806591e+07
6.430206164411786199e+07
5.700920989799794555e+07
4.552935452391653508e+07
2.116153033502537012e+07
7.259081048391653597e+07
1.319533491097427710e-04
3.505949941195321828e+07
2.751338636650006101e+07
5.570046309744098037e+07
3.718656084199088067e+07
