6.046195790031220764e+07
1.055007225497847348e+08
2.820128361414914951e+07
2.967690822971940637e+08
5.118152329990942478e+08
1.846204292138992250e+08
3.946090594061027467e+07
6.418454618864475936e+07
8.848635282040857077e+08
9.967971482318886518e+08
2.525256613806623816e+08
4.438721793709948063e+08
1.053060659383144677e+08
9.016392006340533495e+07
9.145235097880297899e+07
7.711928536677660048e+07
1.049669036437541842e+08
2.804937877304029465e+07
1.085278922550699860e+08
3.269469281017950550e+07
3.451064300994740427e+07
9.145235097880297899e+07
4.547940414672788233e+07
1.052667762561432719e+08
1.954898163127900129e-03
1.262243000190825462e+08
1.134174380007724613e+08
6.668312558026666939e+07
1.118946253371809274e+08
9.145235097880297899e+07
1.088122197229247838e+08
1.348985520279639363e+08
2.666335964211751893e+07
1.721222722688355446e+08
2.842257770845272541e+08
3.330306327070692182e+08
1.093086440028634369e+08
1.593941388638570070e+09
4.626409139732354879e+07
3.099618083021992445e+08
5.737572995331104994e+08
2.883539391926872730e+07
4.739584268802945316e+07
4.766645503923770785e+07
3.418087419928931445e+07
1.180769756638252139e+08
3.739033893421854079e+07
1.123094132315479815e+08
6.793628702825866640e+07
7.933056050938484073e+07
9.112321772856515646e+07
2.687270934960212931e+07
8.229595211250956357e+07
5.954220909820412397e+08
1.432716976894395947e+08
1.371615871335971653e+08
5.868842218804861307e+08
-6.782699383387132548e+06
3.636069959079122543e+07
4.223045143298475146e+08
3.084758877741343528e+07
1.508890581985026896e+08
6.473057642622872088e+00
6.797543766730669141e+07
2.523123121999747753e+08
1.237599357713627368e+08
3.643671574401529133e+07
1.348659120523155034e+08
3.286722532950176597e+08
4.903201776919749379e+07
9.433020988559159636e+07
4.583219766863080859e+08
6.480739672733843327e+07
1.562541621803782880e+08
1.913336576831927299e+08
4.630531807624742389e+07
5.195652517759633064e+08
5.567555565484118462e+08
6.920243501736183465e+07
2.363252460865496397e+08
1.268648106700206548e+08
1.294280500837437809e+08
5.604046605718933344e+08
1.879545381161508560e+08
8.714016211079867184e+07
7.472768952519339323e+07
1.017162456966791272e+09
9.426721026731783152e+07
1.765616943770261705e+08
7.815356763639779389e+07
1.097766099566669315e+08
1.383026804682728350e+08
5.181608439685237408e+07
2.239406355606781840e+08
2.642144865036660060e+07
9.145235097880297899e+07
8.587515393356969953e+07
1.049154570928273499e+08
1.877511478315333277e+07
8.117897454590998590e+07
