8.153163115392569453e+06
1.286167446300983988e+07
1.518801321164738759e+07
3.612881328143209219e+07
5.143811713693239726e+06
7.408925258822763339e+06
1.339256651871927455e+07
1.127194748954198137e+07
8.814594499331884086e+06
7.711197464033907279e+06
4.387674326209651306e+06
1.008303365757835098e+07
1.008303365757835098e+07
2.994827096663218457e+06
1.380064696785333380e+07
1.008303365757835098e+07
1.233875380968442746e+07
1.139320608452560613e+06
1.524054899980688654e+07
1.008303365757835098e+07
4.107084166875498835e+06
6.499893151745791547e+06
1.372895039342689142e+07
1.008303365757835098e+07
1.008303365757835098e+07
5.858120442592754960e+06
1.068417513254642859e+07
5.006581246301253326e+06
1.236298798781384714e+07
1.375965966699315980e+07
1.284604385022329725e+07
1.008303365757835098e+07
1.356308213091224805e+07
1.117212086920952238e+07
1.340296692556632310e+07
2.635716411139062420e+07
1.008303365757835098e+07
7.926950250528467819e+06
1.008303365757835098e+07
1.984133306182098016e+07
1.008303365757835098e+07
9.659072693810444325e+06
1.523930964882995375e+07
4.234913331342061982e+06
7.533121719397601055e+02
1.008303365757835098e+07
1.390511424688546546e+07
1.474563525357453153e+07
1.008303365757835098e+07
7.475611427240028977e+06
1.454156415865206718e+07
1.350722753571094945e+07
1.274286286281296425e+07
5.218067948836864904e+06
4.583785572083394043e+06
1.482485858882226981e+07
1.008303365757835098e+07
8.832061259411217179e+05
8.312434956597737037e+06
1.136873224807671160e+08
6.614176117309765890e+06
1.250978160372374207e+07
1.990954673365724799e-03
1.008303365757835098e+07
4.240851464818183333e+06
1.008303365757835098e+07
1.241353333350669593e+07
3.568065339455940295e+06
5.488879243310280144e+06
1.403247038664272614e+07
1.488559058454906195e+07
7.802138119262956083e+06
1.380061289297431149e+07
5.172829152411881834e+06
1.587509968910080008e+07
1.140684748354920559e+07
1.008303365757835098e+07
7.086861829238722101e+06
9.163774249490674585e+06
1.008303365757835098e+07
1.036702648204752058e+07
1.008303365757835098e+07
5.966068320879013836e+07
7.024013270163574256e+06
1.388167084906194732e+07
3.242825655879413243e+06
8.645467104836154729e+06
1.008303365757835098e+07
1.165169716595171019e+07
1.068512784844975732e+07
1.008303365757835098e+07
1.213003209249337390e+07
4.278677919481910765e+06
4.169621271814386826e+06
1.368338380345649645e+07
9.263183317062816460e-03
5.843005307087446563e+06
5.871109217196677811e+06
7.250954731002194807e+06
7.539111883036367595e+06
