4.684782503565482050e+07
7.253286239512351155e+07
5.224413156108973920e+07
9.970529443131552637e+07
8.733258002513149381e+07
8.289831287074616551e+07
3.692664747509601712e+07
6.276458623157810420e+07
2.141613438238472342e+08
2.691003846899796724e+08
5.257778720495946705e+07
3.781395605000542998e+08
1.914595545049807057e+07
6.262569766440012306e+07
6.227131162282356620e+07
2.849878883551605046e+07
8.096084859933561087e+07
7.855579175340532325e+06
4.863943814523430169e+07
1.530415665662405267e+07
3.794443828752955794e+07
8.109609608238126338e+07
5.257778720495946705e+07
4.682180001891198009e+07
6.963781259118360717e-04
5.257778720495946705e+07
5.607231895027966797e+07
1.906919027401245385e+07
3.477776648700901121e+07
7.038496809166009724e+07
4.171466090977788717e+07
3.803333654333045334e+07
4.621676740943544358e+07
6.248102207654588670e+07
5.257778720495946705e+07
1.284135359830615968e+08
2.314125218543398380e+07
2.606645101724332273e+08
5.672892227532916516e+07
1.024620438131161779e+08
4.873056417846969366e+08
1.872640185508478805e+07
1.981355327802020311e+07
2.231600991210624948e+07
2.208502212671730740e+04
5.257778720495946705e+07
5.257778720495946705e+07
4.307233732007044554e+07
7.875765830920264125e+07
3.842136613497140259e+07
2.779969125078269094e+07
6.486210183585467190e+07
4.130437995643104613e+07
5.257778720495946705e+07
4.863699598866308481e+07
7.664142411396907270e+07
8.749913955395996571e+07
-3.090579492994629778e+06
2.829081935271254927e+07
3.855008047969108820e+08
2.130177360524637997e+07
8.307381013752767444e+07
7.452960343431708212e-03
3.583092536308062822e+07
8.119377923722854257e+07
3.244075146489073336e+07
5.257778720495946705e+07
4.771087649134045839e+07
1.105653024310565442e+08
2.617549284046331421e+07
5.542197468418820947e+07
2.661373556094420552e+08
7.148149770870563388e+07
5.257778720495946705e+07
4.855646908078674227e+07
9.999989406271153688e+07
4.567014567977887392e+08
1.441355933169370592e+08
3.165088435224692896e+07
7.217408182560670376e+07
3.467283740867246687e+07
4.792526482292643934e+07
2.425981652383888960e+08
5.257778720495946705e+07
6.198149065436599404e+07
1.947053331407556683e+07
3.614702655192925930e+08
6.109467559121137857e+07
9.394193169722071290e+07
3.172429280153160915e+07
6.207806177191357315e+07
9.097890138288286328e+07
6.615058283973657526e+06
3.700414264614638686e+07
6.363671141472711414e+07
1.973920027540902733e-02
5.257778720495946705e+07
5.257778720495946705e+07
3.356105618952149153e+07
2.641736392687039822e+07
