2.219862343883116916e+07
6.506606928940314800e+07
1.656136457655770332e+07
5.671690877953019738e+07
1.645542773962614872e+07
3.442731403872130066e+07
9.259890182608102262e+07
3.241364067270988971e+07
6.559977277592658252e+07
9.028889424829535186e+07
3.103311813676689938e+07
8.962523131956218183e+07
1.206516214062007144e+07
2.490810282574769855e+07
9.720833097498100996e+07
2.048376757347607613e+07
4.820259030304811150e+07
1.056297972374414280e+07
2.496955026882907748e+07
2.464256481133246049e+07
2.494028297153452039e+07
3.543296648954887688e+07
5.827117238744209707e+07
3.381550091770643741e+07
3.465005146148969397e-05
3.999451849457949400e+07
6.011224017849460244e+07
2.609585902763444558e+07
3.460671354240149260e+07
6.536800265958388895e+07
5.845649023113843799e+07
7.073821760885199904e+07
7.440743267340478301e+07
3.789794593061588705e+07
2.732933193222214654e+07
3.589722149423820525e+07
2.524674217311320454e+07
1.765642289490710497e+08
2.818645981728376448e+07
3.775328429357963055e+07
1.133603608065315634e+08
5.430442655623164028e+07
8.359805243586215377e+07
2.085379000698927417e+07
1.044145403246083333e+04
2.427969400570091233e+07
4.390312436458083987e+07
6.921970017970383167e+07
4.088815262277325243e+07
5.431940680258629471e+07
1.107246042899815440e+08
5.901767430106735975e+07
8.713015496826449037e+07
5.167630046847197413e+07
3.092204108612826467e+07
4.128009190124593675e+07
1.805191489803430811e+07
1.227512255629147962e+07
4.350196406852899492e+07
7.183804021994653344e+07
3.837596231200587004e+07
7.144073900201119483e+07
2.852824330893461617e-04
3.064217836981399357e+07
3.012569681569018960e+07
8.361660112515066750e+06
7.245585425392597914e+07
2.299213451603414118e+07
4.256748008359952271e+07
1.161615524340822250e+08
5.467275089717105776e+07
9.686698574705782533e+07
8.263742757330127060e+07
3.030191490045357868e+07
5.100924096701789647e+07
8.437428535099159181e+07
1.281169913425485194e+08
7.205814717762538791e+07
9.354511913221649826e+06
3.374146669099317491e+07
3.737364541096190363e+07
2.576384879446933791e+07
9.404876381105908751e+07
4.943917312169656157e+07
4.420307402244159579e+07
1.943106033669831231e+07
1.048285249406458437e+08
3.813586183437495679e+07
8.289226314116503298e+07
4.607738059347421676e+07
8.248785349849517643e+07
5.276763116968184710e+07
2.927403844127029181e+07
3.132875111626394466e+07
7.364581857510845363e+07
-9.659688006860303003e-05
3.657300797044589370e+07
4.702792262808143348e+07
9.221395720596919954e+07
4.425066921244183928e+07
