2.872331425469098613e+07
2.872331425469098613e+07
3.675070308690226078e+07
4.676582899500726163e+07
2.872331425469098613e+07
3.230819346628905833e+07
4.053065314544530213e+07
2.261535192551605776e+07
7.855112143355724216e+07
2.872331425469098613e+07
2.193710650835446641e+07
2.872331425469098613e+07
5.416858401743563823e+06
1.486081084483197890e+07
2.872331425469098613e+07
2.872331425469098613e+07
2.872331425469098613e+07
3.597451651559527032e+06
1.634290426615401544e+07
2.872331425469098613e+07
1.341523994151975214e+07
2.872331425469098613e+07
4.012047080498454720e+07
1.746957228976209089e+07
2.872331425469098613e+07
2.119364922321034595e+07
3.181992776387289166e+07
9.369976990351824090e+06
3.963893512465034425e+07
4.177438922731252760e+07
2.872331425469098613e+07
3.212694217474933714e+07
3.168811662638984621e+07
2.153631759147839993e+07
2.872331425469098613e+07
2.872331425469098613e+07
7.944345033547504805e+06
2.872331425469098613e+07
2.141478653458576277e+07
2.829550471925369278e+07
6.440990409476526082e+07
1.209960708261247352e+07
2.872331425469098613e+07
2.872331425469098613e+07
2.872331425469098613e+07
1.719182987213834003e+07
4.061696480269473046e+07
2.872331425469098613e+07
2.872331425469098613e+07
2.872331425469098613e+07
3.675920497343653440e+07
4.005587620388355106e+07
2.872331425469098613e+07
4.098436098117417842e+07
1.682616363819600642e+07
2.872331425469098613e+07
2.872331425469098613e+07
2.872331425469098613e+07
2.872331425469098613e+07
2.872331425469098613e+07
2.872331425469098613e+07
2.872331425469098613e+07
1.722386573299345563e-04
1.911418808923990279e+07
2.872331425469098613e+07
2.872331425469098613e+07
3.649369345262966305e+07
2.872331425469098613e+07
3.109422273242880777e+07
1.935060913535259664e+07
3.761102817364469916e+07
7.641802437535823882e+07
4.180753213442445546e+07
1.779531962099783495e+07
3.647363966234583408e+07
2.872331425469098613e+07
7.382273528090626001e+07
5.580150149464436620e+07
1.886948252506387979e+07
2.872331425469098613e+07
3.299674420523046330e+07
1.367608703051715717e+07
2.872331425469098613e+07
4.318304064222573489e+07
2.872331425469098613e+07
6.598824790805318393e+06
2.872331425469098613e+07
2.309008324374693632e+07
2.872331425469098613e+07
2.897645518420128897e+07
3.946466877278950810e+07
4.729085844471772015e+07
7.321278392738958821e+06
1.848993693494123220e+07
3.989726542417748272e+07
1.420184659128789100e-04
2.872331425469098613e+07
2.872331425469098613e+07
2.872331425469098613e+07
1.448188046287941560e+07
