6.502295913743074052e+06
9.097221864329567179e+06
9.539139387184273452e+06
1.117394926508495212e+07
1.474095050250096060e+07
1.028150809533976018e+07
9.610888672000767663e+06
6.759429115936920047e+06
8.363362054136943072e+06
2.956001047862936184e+07
7.101479463976307772e+06
2.254806793223599344e+07
4.080359508497608360e+06
8.363362054136943072e+06
9.229246650667311624e+06
5.766373897898363881e+06
9.411250613342324272e+06
3.407731217703845818e+06
8.363362054136943072e+06
5.874377463308921084e+06
5.686965478965474293e+06
7.754759031609875150e+06
9.759899905127314851e+06
6.413221654595143162e+06
1.336224148800403320e-04
7.253973693375966512e+06
8.581352434462256730e+06
7.576823854026301764e+06
9.078689780037257820e+06
8.897470768954345956e+06
8.363362054136943072e+06
8.363362054136943072e+06
9.587619794470449910e+06
6.852419981292624027e+06
8.363362054136943072e+06
1.340333989370471425e+07
5.361299883421284147e+06
2.329412068683853000e+07
7.057435594899621792e+06
9.461410347343275324e+06
3.060820142736896127e+07
1.337962923813788034e+07
2.423302528111504763e+07
8.733114587746720761e+06
1.185519959792373811e+04
6.820101293146512471e+06
9.392993857262928039e+06
8.904304897489203140e+06
8.363362054136943072e+06
9.083218681625040248e+06
9.474130336448578164e+06
9.119817233680993319e+06
9.265867342229114845e+06
8.363362054136943072e+06
7.287418979491833597e+06
9.323517976540347561e+06
8.363362054136943072e+06
6.625001974768514745e+06
7.840311361626161262e+06
2.283002612011425570e+07
8.363362054136943072e+06
9.765253054177260026e+06
1.590759789069097355e-03
6.475888688046440482e+06
8.363362054136943072e+06
5.777583505590884015e+06
8.858219626754369587e+06
5.412379910374720581e+06
8.363362054136943072e+06
1.233422915812666155e+07
8.363362054136943072e+06
2.613924010857230425e+07
8.891028169295314699e+06
6.463427134107579477e+06
8.855343861042531207e+06
9.992027870870988816e+06
2.469457074763673916e+07
2.254356037752483413e+07
8.538833477029703557e+06
6.893122253943820484e+06
8.231204270970446058e+06
5.489537677948150784e+06
2.320465568676865473e+07
1.187400145238086395e+07
9.312623308604730293e+06
5.097425419687319547e+06
3.308253402878229320e+07
8.462429435400808230e+06
9.221493816772837192e+06
8.363362054136943072e+06
9.415725482186438516e+06
1.002513492460113764e+07
8.242806811513644643e+06
8.363362054136943072e+06
8.363362054136943072e+06
1.301562228884764472e-03
8.714219846192048863e+06
7.731419534254017286e+06
1.102670711901085638e+07
8.749196044336153194e+06
