7.772485897775435820e+06
1.352895073079448380e+07
1.087598572566394694e+07
2.598522500863854960e+07
9.941950997801814228e+06
1.378329212548070587e+07
1.278335165505848825e+07
1.039203154103988595e+07
9.941950997801814228e+06
8.778395779644635320e+07
1.228046090744824335e+07
7.055610376156865060e+07
9.941950997801814228e+06
9.441301686481943354e+06
9.941950997801814228e+06
7.837441161989883520e+06
9.941950997801814228e+06
2.180364011244972702e+06
9.941950997801814228e+06
2.430585535966777243e+06
6.298100101848612539e+06
9.941950997801814228e+06
1.248239946743882075e+07
7.889124637108093128e+06
1.570698491804259518e-04
9.941950997801814228e+06
1.066403033830083907e+07
3.276449758944966365e+06
9.941950997801814228e+06
9.941950997801814228e+06
1.380336280634206720e+07
1.194705940448630229e+07
9.941950997801814228e+06
1.023528238914332911e+07
1.095570125256267004e+07
1.954761383315287158e+07
3.764049452305278275e+06
8.355440034487695992e+07
9.941950997801814228e+06
1.580413727301731333e+07
9.941950997801814228e+06
9.941950997801814228e+06
5.535776657673626207e+06
4.038982897083709482e+06
5.134831078404131404e+03
9.941950997801814228e+06
1.254586086879625544e+07
1.408064930811529420e+07
1.456297465004640818e+07
9.941950997801814228e+06
9.941950997801814228e+06
1.252318879563386738e+07
1.363236261555727199e+07
9.941950997801814228e+06
8.021520928665922955e+06
1.413078683930344321e+07
9.941950997801814228e+06
-4.511086215576496907e+05
9.366692719687413424e+06
9.941950997801814228e+06
7.146556535737281665e+06
1.509575256661212444e+07
1.639088416566019009e-03
9.941950997801814228e+06
9.941950997801814228e+06
5.398691319872616790e+06
1.215674715421165712e+07
9.941950997801814228e+06
1.703357973389387876e+07
9.941950997801814228e+06
1.132118425918706506e+07
8.623913512566995621e+07
1.340396265395623818e+07
7.996149441231778823e+06
1.429586072438685037e+07
1.731403603184713051e+07
9.941950997801814228e+06
9.941950997801814228e+06
9.941950997801814228e+06
9.941950997801814228e+06
9.941950997801814228e+06
9.941950997801814228e+06
9.941950997801814228e+06
2.277714289066876099e+07
9.941950997801814228e+06
3.094014010328789707e+06
6.632638731457833946e+07
9.941950997801814228e+06
1.659003744738070294e+07
9.941950997801814228e+06
9.941950997801814228e+06
1.609202093486371636e+07
2.535678971179308370e+06
9.998640043744783849e+06
1.242265903308667801e+07
1.056786813765807180e-02
3.745152995509197004e+06
9.941950997801814228e+06
7.285306950859140605e+06
4.928043395468500443e+06
