9.450709560312276706e+06
9.390331768120139837e+06
9.450709560312276706e+06
9.450709560312276706e+06
2.512588964596430212e+07
1.294092426043225639e+07
9.450709560312276706e+06
1.291324581773416884e+07
4.599427950589130074e+07
7.478057783596868813e+07
9.450709560312276706e+06
5.380890829177805036e+07
1.500444488931176439e+07
1.847450992870773003e+07
8.693831762648580596e+06
1.490910633484526351e+07
1.000201589948413521e+07
9.450709560312276706e+06
2.368673122851223499e+07
1.372161402830649167e+07
1.241899402761499956e+07
1.377686509126787074e+07
8.790328754072383046e+06
1.208246095791809075e+07
1.629921450935149618e+00
1.204078501646924578e+07
9.227689579998269677e+06
1.221679794729447924e+07
9.450709560312276706e+06
9.450709560312276706e+06
9.515134995833503082e+06
1.058805015658522025e+07
8.366067042546556331e+06
1.336377185380329378e+07
9.450709560312276706e+06
9.450709560312276706e+06
9.450709560312276706e+06
6.883957756914877892e+07
1.219055553554101288e+07
9.450709560312276706e+06
1.243097881805484891e+08
9.450709560312276706e+06
1.991621348114378750e+07
9.450709560312276706e+06
1.203276925785171427e+07
1.091989664460897818e+07
9.450709560312276706e+06
9.659114561195023358e+06
9.920449324757890776e+06
9.149681918576126918e+06
8.169040912298011594e+06
8.841292287539960817e+06
9.450709560312276706e+06
3.719128005233538896e+07
1.281012257825776935e+07
9.669186605388566852e+06
9.450709560312276706e+06
2.050749048827794939e+07
1.012627648694299348e+07
9.450709560312276706e+06
1.048650142364038341e+07
9.450709560312276706e+06
9.450709560312276706e+06
9.450709560312276706e+06
9.450709560312276706e+06
1.250603674258841015e+07
9.450709560312276706e+06
1.439412831964006647e+07
9.450709560312276706e+06
1.043319177836806700e+07
8.309310725458031520e+06
7.248801801840652525e+07
9.450709560312276706e+06
1.203651080858390033e+07
1.192180264681450464e+07
9.450709560312276706e+06
8.590722724962356687e+07
3.327097682534302026e+07
9.662782820359703153e+06
9.450709560312276706e+06
9.450709560312276706e+06
1.488775909997992590e+07
2.870359710310191289e+07
9.450709560312276706e+06
8.647279821847297251e+06
9.450709560312276706e+06
4.913402607716870308e+07
9.450709560312276706e+06
1.114475865851438977e+07
9.961358046599883586e+06
8.684274830862836912e+06
1.081768134048731439e+07
1.343630233596075885e+07
9.450709560312276706e+06
9.450709560312276706e+06
8.999607627780915209e+02
9.450709560312276706e+06
1.159433290258773044e+07
8.887786733778961003e+06
1.052636502954606898e+07
