2.081690742513442412e+07
2.993442167370008305e+07
2.900584118147741258e+07
4.212002108793196827e+07
3.683684269460117072e+07
2.892806284314492345e+07
2.835184061869120598e+07
2.365829690616131201e+07
1.730934964634430110e+08
2.257564235585853457e+08
3.576102460289759934e+07
8.240076306514358521e+07
1.057385301014432497e+07
2.933492109868625924e+07
2.967770892873592675e+07
1.885251500078293309e+07
3.098514676058094203e+07
2.542093700606565922e+07
2.456437897629722953e+07
1.297078449525251985e+07
1.743413752573739365e+07
2.542093700606565922e+07
2.865904347899100184e+07
2.058283585981827602e+07
9.657088526834038287e-04
2.282321939222669601e+07
2.754988904446980730e+07
1.777812336748379841e+07
2.853367697007046267e+07
3.013720778478895873e+07
2.821333717452375963e+07
2.723722176774598286e+07
1.882794470796759799e+07
2.542093700606565922e+07
3.486170408258004487e+07
3.519923792416273057e+07
1.493496003989630379e+07
2.542093700606565922e+07
2.293747326115560532e+07
3.152349050543940067e+07
1.019304458484342098e+08
2.548860848961914331e+07
2.737004917323929071e+07
2.542093700606565922e+07
2.457523379546921569e+04
2.542093700606565922e+07
2.991162415974819660e+07
2.904957431269054487e+07
3.082070597306521237e+07
2.548364650073241815e+07
3.002961499714723229e+07
2.542093700606565922e+07
2.542093700606565922e+07
1.013742846171767861e+08
2.044287462637196854e+07
2.916132009467361867e+07
4.449290105156718940e+07
5.977870242597807199e+06
2.454641160397538915e+07
8.346596906603425741e+07
2.542093700606565922e+07
3.152409191127061099e+07
3.607891810968728158e-03
2.542093700606565922e+07
2.483657546138697863e+07
1.724859480344222113e+07
2.831786141169806570e+07
1.911920052145870775e+07
3.175421960462423041e+07
2.542093700606565922e+07
2.496232806210514158e+07
9.537975344996279478e+07
2.919869932117307931e+07
2.108598532987115905e+07
2.993067682745594159e+07
3.374517210190001875e+07
9.591076170507033169e+07
5.729512389771833271e+07
1.534579350657502003e+07
2.386797354046386108e+07
2.451523521169855818e+07
2.542093700606565922e+07
5.948165981668684632e+07
3.849533130057322979e+07
2.837558139980565757e+07
1.392531410370637663e+07
1.807690309406197071e+08
2.378541858413003385e+07
3.273807428091460094e+07
2.596487464152987674e+07
2.900548737004992738e+07
3.257225629256619141e+07
1.076693477410416305e+07
2.189054687420273572e+07
2.420705387007902935e+07
4.676736160876144785e-03
2.190241454981822893e+07
2.221130409677778184e+07
2.315451733832163736e+07
2.411841688821553066e+07
