2.288626517064894736e+08
4.577800533412796855e+08
2.189495772105679512e+08
7.082271027269011736e+08
6.284392357536585331e+08
5.290466305044600368e+08
2.790787799411551952e+08
2.321420532688501477e+08
1.996870777554336548e+09
2.469279821811408997e+09
5.086025479921792746e+08
2.321420532688501477e+08
1.166902941147399247e+08
2.942989408468388915e+08
2.640001836771028936e+08
2.437578525187309384e+08
5.078971687735682726e+08
9.638118680852203071e+07
5.127328623944087029e+08
1.023433873502456844e+08
2.700695472463694215e+08
3.640231498167437911e+08
4.071321268038654923e+08
3.226466449314541221e+08
8.092272755514188717e-03
2.559152678017837703e+08
2.401648050307636261e+08
1.087967121936517358e+08
2.625676136414831281e+08
2.984237546688463688e+08
3.110208409638655782e+08
2.964763304619051218e+08
1.945802029121754467e+08
2.883022444778195620e+08
4.717390980788164735e+08
5.572922579956972599e+08
1.336262936828312278e+08
2.398918196224448681e+09
2.624474706909475923e+08
2.321420532688501477e+08
2.321420532688501477e+08
9.778317321868494153e+07
1.090698206815980524e+08
1.200583230400075167e+08
4.172213253644933575e+05
1.916621846225201190e+08
2.707701324803505540e+08
4.815228639447979331e+08
5.028022560728269815e+08
2.321420532688501477e+08
2.156640220209189653e+08
2.687000317191307545e+08
2.321420532688501477e+08
1.204725786108522892e+09
2.343941789781276882e+08
3.214271126880956888e+08
3.901474705067738295e+08
2.731106987492757291e+07
2.351798998677429557e+08
1.608392067358362198e+09
2.759788726684646606e+08
3.521006650974895954e+08
6.957606795555008883e-02
2.902422938329541683e+08
5.164979293944191337e+08
1.695718979243004024e+08
2.321420532688501477e+08
2.336530096495055258e+08
4.937968221332385540e+08
1.502410739462938607e+08
2.321420532688501477e+08
1.797752803569093227e+09
2.980826724129179120e+08
3.258666060608899593e+08
2.321420532688501477e+08
2.321420532688501477e+08
2.573102778562498569e+09
9.922909841505373716e+08
1.434442227787440419e+08
3.326257353017160892e+08
2.321420532688501477e+08
2.325483523803459406e+08
1.019358362545833588e+09
2.321420532688501477e+08
2.580049099374156594e+08
1.187567936574779302e+08
1.498176623977499485e+09
4.037238738155614138e+08
2.321420532688501477e+08
2.529946316558119059e+08
2.591455625775016844e+08
3.862936432132695317e+08
9.781951271788921952e+07
2.957271216076893210e+08
2.673606910364645720e+08
7.927571449068657183e-02
1.154978550806340575e+08
2.321420532688501477e+08
1.377323771964800954e+08
1.809934820450769365e+08
