1.170495191093980148e+07
1.599405778284581192e+07
1.170495191093980148e+07
1.170495191093980148e+07
6.614940808266137540e+07
1.170495191093980148e+07
1.499353890529257432e+07
1.371635716284242272e+07
7.553417379910805821e+07
9.409935772255702317e+07
1.732795842996352538e+07
1.742338053882271349e+08
8.306027869687916711e+06
1.357860195173319988e+07
1.380170188980858400e+07
1.067919689849462546e+07
1.777181928473277017e+07
1.170495191093980148e+07
1.775708071686102450e+07
3.301852771230760030e+06
8.186848447602968663e+06
1.772237096953846887e+07
1.432298732922057994e+07
2.089579098713818192e+07
2.473737088826243177e-04
1.170495191093980148e+07
1.170495191093980148e+07
4.223273542230842635e+06
1.170495191093980148e+07
3.202945347007488087e+07
1.170495191093980148e+07
1.472942414893260971e+07
1.170495191093980148e+07
1.355897895073173009e+07
1.590691105101097189e+07
2.778373397887881845e+07
4.986871182337942533e+06
9.110054976487699151e+07
1.240984424063754454e+07
4.679173525727572292e+07
1.052248489131679088e+08
4.268026428151912987e+06
1.170495191093980148e+07
1.170495191093980148e+07
8.184752874295880247e+03
8.792928369693564251e+06
1.443150583013819158e+07
1.689145718483595550e+07
1.756740120622167364e+07
1.663651266594207659e+07
1.194639685332104564e+07
2.907777286292984709e+07
1.629437950252281129e+07
4.441202191568279266e+07
1.170495191093980148e+07
1.170495191093980148e+07
1.900367250075431168e+07
-7.197705706285550259e+05
1.142755182066657953e+07
1.772474689139152467e+08
8.749120717429561540e+06
1.840759327141737565e+07
2.617060301807582878e-03
1.336393061907928251e+07
1.744180804906034470e+07
7.092437494098798372e+06
1.431282965896875039e+07
1.032599687381602637e+07
2.378742469280564785e+07
6.140377725817695260e+06
1.243512556943774782e+07
9.272468480473153293e+07
3.214605851489604264e+07
1.026990634320701659e+07
1.840961738003314286e+07
2.202552215982445702e+07
9.839544449261878431e+07
5.099642119064937532e+07
7.050705562061216682e+06
1.170495191093980148e+07
1.375965843412822857e+07
1.027350560391593538e+07
5.244584369933667034e+07
6.645443021243865043e+07
1.372546117061481252e+07
4.183008952218364924e+06
7.770912559131613374e+07
1.329421086316229776e+07
2.072650216753459722e+07
2.567835126733081043e+07
1.383493993600856140e+07
2.004137003225432336e+07
1.170495191093980148e+07
2.873731537094916403e+07
1.420458127103000879e+07
5.030855638313382928e-03
1.170495191093980148e+07
1.089720808307801746e+07
1.170495191093980148e+07
5.875968963258133270e+06
