8.992829602475988865e+07
1.185399723205171078e+08
1.180047915594047904e+08
1.072737401884222776e+08
1.653194898860431910e+08
1.072737401884222776e+08
1.167489693957974166e+08
1.072737401884222776e+08
1.072737401884222776e+08
4.116196634690209031e+08
1.115187349043418318e+08
3.646714706073520780e+08
1.072737401884222776e+08
9.435338594736978412e+07
1.072737401884222776e+08
8.703820506367585063e+07
1.225041605911858380e+08
4.950493971176084131e+07
1.072737401884222776e+08
7.354886541635727882e+07
1.072737401884222776e+08
1.165673274390200675e+08
1.072737401884222776e+08
1.072737401884222776e+08
4.791340681204727878e-03
1.072737401884222776e+08
1.072737401884222776e+08
1.002368494383947849e+08
1.161208338224070668e+08
1.181288893669026494e+08
1.072737401884222776e+08
1.112952933705924153e+08
1.072737401884222776e+08
1.072737401884222776e+08
1.072737401884222776e+08
1.517564006886655092e+08
1.072737401884222776e+08
1.072737401884222776e+08
9.884432716720250249e+07
1.311287712184777558e+08
4.495635868848056793e+08
1.434467183967164457e+08
2.938880260870351195e+08
1.072737401884222776e+08
1.072737401884222776e+08
9.250376116914924979e+07
1.165780974640202224e+08
1.072737401884222776e+08
1.219310473487478793e+08
1.105549189665381759e+08
1.072737401884222776e+08
1.072737401884222776e+08
1.072737401884222776e+08
2.161643248854973912e+08
9.077686267385110259e+07
1.072737401884222776e+08
1.072737401884222776e+08
5.837377201008673757e+07
1.028378838112182319e+08
3.695923047773862481e+08
1.072737401884222776e+08
1.072737401884222776e+08
2.923625090572314414e-02
1.072737401884222776e+08
1.123635987234085053e+08
7.992799720675118268e+07
1.072737401884222776e+08
8.627754277814763784e+07
1.377392101658782661e+08
1.461031818916419744e+08
1.072737401884222776e+08
1.072737401884222776e+08
1.181448471168530136e+08
1.072737401884222776e+08
1.072737401884222776e+08
1.344667201284610331e+08
4.274577955264264941e+08
1.072737401884222776e+08
1.124623971512159854e+08
1.072737401884222776e+08
1.072737401884222776e+08
1.072737401884222776e+08
2.486888128617967665e+08
1.675115921026097834e+08
1.160663614637470245e+08
6.963818513246934116e+07
3.493735919806339741e+08
1.020256571399637610e+08
1.311411097197205126e+08
1.069272827873634845e+08
1.160482751366462111e+08
1.283459463637983799e+08
9.854089943130110204e+07
9.898759544648942351e+07
1.072737401884222776e+08
1.072737401884222776e+08
1.019838008527771384e+08
1.072737401884222776e+08
1.343246896069806516e+08
1.068794316562541872e+08
