1.063898631888356060e+08
1.248064122621144950e+08
1.248064122621144950e+08
1.662286932652923763e+08
1.488380885024268031e+08
1.274167946146912724e+08
1.315773629788338691e+08
1.248064122621144950e+08
2.735943980340012312e+08
1.248064122621144950e+08
1.248064122621144950e+08
1.248064122621144950e+08
7.855427763828879595e+07
9.908130452813678980e+07
1.313294805539832711e+08
9.939355091789864004e+07
1.248064122621144950e+08
1.248064122621144950e+08
1.040353729430837780e+08
1.248064122621144950e+08
1.248064122621144950e+08
1.248064122621144950e+08
1.314553673578860760e+08
1.087775435083277225e+08
1.248064122621144950e+08
1.136107087428638637e+08
1.248064122621144950e+08
1.164670315104879886e+08
1.248064122621144950e+08
1.248064122621144950e+08
1.328265200319815278e+08
1.256124842065835148e+08
1.248064122621144950e+08
1.248064122621144950e+08
1.248064122621144950e+08
1.248064122621144950e+08
1.248064122621144950e+08
3.137425892999395728e+08
1.137446110053013414e+08
1.248064122621144950e+08
3.420779459633669853e+08
1.441682216512724459e+08
1.248064122621144950e+08
1.194362942880412042e+08
3.658138148126814049e+05
1.248064122621144950e+08
1.248064122621144950e+08
1.332313507378957719e+08
1.340314920722110569e+08
1.280441644695267230e+08
1.248064122621144950e+08
1.248064122621144950e+08
1.325247409667257965e+08
1.248064122621144950e+08
1.065745102484856099e+08
1.332312851485099941e+08
9.532876243251419067e+07
6.725191331075580418e+07
1.206736348036824912e+08
2.931678453336918354e+08
1.151318498039041162e+08
1.350211252150819898e+08
1.248064122621144950e+08
1.089998454473423213e+08
1.147142299948783219e+08
1.248064122621144950e+08
1.248064122621144950e+08
9.985357363153935969e+07
1.248064122621144950e+08
1.499156700600807071e+08
1.321783122441452295e+08
1.248064122621144950e+08
1.248064122621144950e+08
1.092918092457944602e+08
1.248064122621144950e+08
1.248064122621144950e+08
3.302109806867617965e+08
2.048819880664334893e+08
1.248064122621144950e+08
1.248064122621144950e+08
1.266265058985421658e+08
9.815582340970642865e+07
2.121792185038771331e+08
1.248064122621144950e+08
1.314792479855531901e+08
8.968898993722009659e+07
1.248064122621144950e+08
1.158063542263463736e+08
1.248064122621144950e+08
1.248064122621144950e+08
1.314331183391991258e+08
1.248064122621144950e+08
1.248064122621144950e+08
1.248064122621144950e+08
1.248064122621144950e+08
1.339521344354925071e-02
1.187425633451075405e+08
1.126334694875260293e+08
1.439424271322390139e+08
1.240079049176822752e+08
