6.585094817220122367e+07
6.910822789980436862e+07
5.511446831855331361e+07
1.728453592069744766e+08
2.291252702716867030e+08
5.691729873703455180e+07
2.077669324835728407e+08
7.258628614811189473e+07
7.294701383536571264e+07
8.125181456370137632e+07
4.560938799295460433e+07
5.548097126882268190e+08
5.765010165293044597e+07
3.930506015072677284e+07
5.763286270981168747e+07
8.116848258630777895e+07
6.508394749560289830e+07
5.616117712557321042e+07
1.374109218599329293e+08
9.309224958514390886e+07
5.974296023072364926e+07
5.153359875405332446e+07
1.993158863951270878e+08
5.809417691700817645e+07
2.225114543620441022e-03
5.860032885063926131e+07
1.769509590970449746e+08
1.405117924366008341e+08
6.038919801141985506e+07
6.771448856197866797e+07
6.883755565592302382e+07
6.383651304460695386e+07
1.476202918904973567e+08
7.258628614811189473e+07
1.223036602472754121e+08
5.856161875419884920e+08
9.013351782693587244e+07
6.823339698985714912e+08
5.666473357639560848e+07
5.084658221737147868e+07
3.830603681150731564e+09
9.270166551673518121e+07
2.598025335165147483e+08
1.108025509710367918e+08
4.788261410413110862e+05
7.025025628706179559e+07
6.275356908776994795e+07
6.579111258570200950e+07
6.573960140560857952e+07
6.756652290751260519e+07
8.048928084655706584e+07
7.526425773567782342e+07
6.854846303576236963e+07
5.235598967427642643e+07
5.406443928784221411e+07
6.653026260043833405e+07
2.939045136502896249e+07
5.386225743402485549e+07
6.687011971552581340e+07
7.258628614811189473e+07
7.258628614811189473e+07
7.258628614811189473e+07
7.258628614811189473e+07
4.783034824356200546e+07
4.515745039472659677e+07
6.397697393170101941e+07
6.082405681236400455e+07
1.722509124194272161e+08
1.661448731685639620e+08
1.200001599144577533e+08
7.434562240849047899e+07
8.080477369482244551e+07
6.786407554146419466e+07
5.961962100204923004e+07
5.834435284376893193e+07
6.022138720166428387e+07
3.346606673171801090e+09
1.315778587878205299e+09
1.179737937045305520e+08
9.452510580296291411e+07
6.837761789868733287e+07
7.681185464837430418e+07
6.151908012207872421e+07
6.423732592566689253e+08
5.743166623836593330e+07
7.370882037847425044e+07
7.859024758898997307e+07
5.601490319075275958e+07
6.456123814947719127e+07
6.637050914548278600e+07
7.258628614811189473e+07
6.088046291812901944e+07
1.224651128006099761e+08
4.663315468897290528e+07
7.609080310443817079e+07
3.885640671625847486e-03
7.827329225389602780e+07
6.027348833317247033e+07
6.564945103098961711e+07
7.258628614811189473e+07
