2.657454752138461918e+07
4.150066506911890954e+07
2.355822191666831374e+08
7.818847186167130470e+08
5.954737430595238209e+08
3.458726268745118976e+08
3.830638174170130491e+07
3.602684284350019693e+07
1.611944822762095690e+09
1.910497094728861570e+09
4.580904404768137634e+07
2.212406209949643910e+08
9.413436706760779023e+07
2.511163965130645335e+08
2.185109889450234175e+08
1.872574295832979977e+08
4.675541612975999713e+07
1.067666235418272167e+08
2.172968607289199233e+08
-8.171732587026094086e+06
-2.127104587155064940e+07
3.407733518070734143e+08
2.743864879081861973e+08
2.242586734982039630e+08
9.004856209465138261e-03
2.373461554349536300e+08
2.172968607289199233e+08
1.203227879445599020e+08
2.521088266809908152e+08
2.850798905168836117e+08
4.266483811617760360e+07
3.853739408987174928e+07
1.830233274932562411e+08
2.683905092802672684e+08
3.158410079921218753e+08
6.201393354222428799e+08
2.172968607289199233e+08
1.810732398071264505e+09
2.172968607289199233e+08
4.289982254128811955e+08
1.941380300868173599e+09
9.672090285345058143e+07
1.328170833956283629e+08
1.199580853996852972e+07
4.642722946881885291e+05
2.132763520223809481e+08
2.555639075843453705e+08
3.423342736814619899e+08
4.607518819707526267e+07
1.569221983550246060e+08
1.824807985448225737e+08
2.580766584014832675e+08
2.172968607289199233e+08
1.199794705020371675e+08
2.760255336160212383e+07
4.405156681423280388e+07
4.341452614905799031e+08
2.172968607289199233e+08
2.163729202178474367e+08
2.172968607289199233e+08
1.722223333858824670e+08
4.831332759770767391e+07
2.172968607289199233e+08
2.172968607289199233e+08
2.660830173369680047e+08
1.486765016896638572e+08
3.708971284950219840e+07
2.715094254536098242e+07
6.384449905060377717e+07
2.172968607289199233e+08
2.190126543139271736e+08
1.536514630918071985e+09
3.316448716876043677e+08
-2.686271406281660497e+07
3.463086160465993285e+08
3.229614340003082752e+08
1.620961294487874031e+09
1.104193827611248016e+09
1.315312235687260926e+08
3.671892186143835187e+08
3.556609441525855660e+07
2.172968607289199233e+08
1.410656571412416995e+08
5.948783244132549763e+08
2.845312191808595061e+08
1.307652626046279222e+08
1.667129219516416073e+09
2.953178546301637292e+08
3.830275956882574558e+08
2.172968607289199233e+08
2.189882851635487080e+08
4.256673748637857437e+08
7.323632089904794097e+07
3.290769215416216254e+08
3.647816700040015578e+07
8.123201978110064503e-02
-6.662252330155481398e+07
2.153510997014837861e+08
1.136268068115590215e+08
1.445821248234502375e+08
