2.396267826863814145e+07
3.974449117736939341e+07
3.997456500192983449e+07
4.186105894503835589e+07
4.059519188468955457e+07
3.341950461637461185e+07
4.419519938058927655e+07
3.536108900045354664e+07
7.857119817174890637e+07
8.394891206247378886e+07
2.896949868618879467e+07
7.579812372558307648e+07
1.407449136559103429e+07
2.703873239768367633e+07
3.746704485455957055e+07
2.334413878692685440e+07
3.980222522692211717e+07
1.185256597980911285e+07
2.371767575851643085e+07
2.115059118168939650e+07
2.274211717404562235e+07
3.329259136428163946e+07
3.768005915310519189e+07
2.504685750099817291e+07
6.092060194904548717e-04
5.947425687487494200e+07
5.040943574598008394e+07
3.744211372394058853e+07
3.778651771544457972e+07
4.054694151479107141e+07
3.835283211332604289e+07
3.668888308892291784e+07
4.617588539605657756e+07
6.394102612968355417e+07
3.235957034640598670e+07
3.792747389326063544e+07
1.959330550457281247e+07
9.396837558405022323e+07
3.158480782314694300e+07
2.682824521560404077e+07
8.077617641495662928e+07
5.073273241275321692e+07
1.287269653203871399e+08
3.662461175418437272e+07
3.333193682763627294e+04
2.954287479837427661e+07
4.826083779849054664e+07
3.942927356535859406e+07
4.445657960996260494e+07
4.666745389154578745e+07
4.665175911321476847e+07
4.131599052720031887e+07
4.501679257355648279e+07
5.468604138975667953e+07
2.471784224419092759e+07
4.899021996485435963e+07
3.223167631081390008e+07
8.167743566479780711e+06
6.242358371433192492e+07
9.292711335575772822e+07
3.063682687484269217e+07
3.926344190479568392e+07
3.546636180947233038e-03
2.669279256710227579e+07
2.774712251386601105e+07
2.180202565656814352e+07
4.539067427567146719e+07
2.353550805465961248e+07
3.837200284947457910e+07
6.927999578758487105e+07
5.440513381859444082e+07
3.833678977799267173e+08
3.994191423980715871e+07
5.189912216203579307e+07
4.005574996213709563e+07
3.562516614216379821e+07
1.054947471280260682e+08
5.042688163586723804e+07
3.894441298870927840e+07
2.632190694410563633e+07
3.728428327852975577e+07
1.818205602998130769e+07
6.246076876079639047e+07
4.207102380397250503e+07
4.527459569509775192e+07
2.264747942393658683e+07
8.538110152914825082e+07
3.454410898759706318e+07
3.679730868094118685e+07
3.918043736802874506e+07
4.412990443372850865e+07
4.445802823935481906e+07
3.685899787491576374e+07
2.627057643807290494e+07
5.113608347677546740e+07
5.151324967852648380e-03
3.291349468964881822e+07
3.349312192367759719e+07
5.502714877195236087e+07
3.556636837314665318e+07
