4.111387477177534252e+07
4.140902465853165835e+07
3.546344136794032156e+07
6.114178711586457491e+07
5.280243466155881435e+07
3.546344136794032156e+07
5.587856189448130131e+07
3.546344136794032156e+07
1.135333218099113256e+08
2.815287540420064330e+08
3.420549457949432731e+07
1.227028683711510748e+08
1.424656628540733457e+07
2.760234876717534289e+07
4.026172352560060471e+07
2.566795974780922011e+07
4.317448459765419364e+07
3.546344136794032156e+07
3.218884622767708823e+07
1.709775485565931350e+07
3.506961053696896881e+07
6.365257925083916634e+07
4.052199950837947428e+07
2.739848017088969052e+07
5.641909135820026957e-04
3.063583356741453335e+07
3.706599926271678507e+07
2.263474189115761220e+07
4.054361241706816107e+07
4.139645062516246736e+07
4.239104596665535122e+07
5.578865300445946306e+07
3.879544154633567482e+07
5.140976313028535247e+07
3.042939731941467896e+07
4.861921332701329887e+07
1.839561424263016880e+07
1.336494781749262214e+08
4.788935068218050897e+07
3.546344136794032156e+07
3.102405897901796699e+08
3.220103288490708917e+07
6.388368957728213817e+07
2.545472951012057438e+07
5.553261321227630833e+04
2.772275251608846709e+07
5.428060744708452374e+07
6.207613050676811486e+07
4.265143581784787029e+07
3.442353478482611477e+07
4.669146002499914169e+07
5.461996458174488693e+07
4.185454822229824215e+07
1.389410827974177301e+08
3.546344136794032156e+07
6.224227962359002978e+07
3.194847452288940176e+07
8.996472336051363498e+06
4.552260101872082800e+07
1.238179744686099142e+08
3.748465739744396508e+07
4.371506494478703290e+07
4.894033090469034064e-03
2.982547528175259382e+07
3.546344136794032156e+07
3.141354221117996797e+07
3.891399087520639598e+07
4.077636690533789992e+07
8.089101537094104290e+07
2.769021379315874353e+07
3.546344136794032156e+07
1.357255399106798768e+08
4.138549281775571406e+07
2.787724834346868470e+07
6.621309098413889110e+07
7.699320832907453179e+07
3.546344136794032156e+07
3.546344136794032156e+07
3.207387625629716367e+07
3.198861071208184212e+07
5.282315750160753727e+07
2.479879370511842892e+07
1.634456059535795152e+08
5.507543432572346926e+07
3.546344136794032156e+07
2.177318822159171104e+07
1.166535602223635465e+08
3.546344136794032156e+07
7.372733926836970448e+07
3.515029613038238883e+07
4.035937370419320464e+07
4.522941426855187118e+07
2.304026989436881244e+07
3.043634201575268060e+07
4.046907186348618567e+07
7.509959715959755970e-03
2.627953323204051331e+07
2.926376448659725115e+07
3.323479341090115160e+07
2.944723215240905061e+07
