1.181006087650235593e+08
1.575092897133195400e+08
1.691205774856155217e+08
1.257353425125423521e+08
1.780316618210174441e+08
4.960182414489351958e+07
1.641461108875877559e+08
1.303741781630482525e+08
3.398986912179813385e+08
4.133086903918072581e+08
1.269814218916942775e+08
3.768758187589886189e+08
7.572073491913266480e+07
3.798389617584285885e+07
1.384639718981727362e+08
3.566926891310099512e+07
4.798823915284644067e+07
3.568037673517071456e+07
1.120017512504475713e+08
-1.057036186500984430e+07
2.641299902798036858e+07
1.383635687675545812e+08
1.744267962726120949e+08
1.108522871853002459e+08
2.441751013517249637e-03
1.150455572080390900e+08
1.567972889256834090e+08
1.113592167593548894e+08
1.571730562324452102e+08
1.584673347025878727e+08
1.511774500384322703e+08
1.179856541294380575e+08
2.935261029258694127e+07
4.540705747598635405e+07
4.142621149367995560e+07
7.093844809201605618e+07
-1.530823006983703934e+07
3.267198659324498177e+08
4.055880665435619652e+07
1.516211469311959743e+08
4.462216014824317694e+08
1.358287779329822771e+07
2.010668927222158387e+07
5.924804525788567215e+07
1.321084483938351623e+05
1.133154513075762987e+08
1.253835444632301331e+08
1.526022001613746583e+08
4.578044463415745646e+07
8.731144659923692048e+07
1.345744284002624452e+08
3.908619881540831923e+07
1.655811129600202143e+08
2.229846161301233172e+08
9.894663028321035206e+07
4.682725186775723845e+07
5.531297084466813505e+07
3.985518116044734605e+06
3.016084400820973143e+07
2.530907440314911008e+08
2.461977771220039204e+07
1.777845076212909818e+08
2.090811639858895093e-02
1.211953906074504107e+08
4.745023647259224206e+07
6.473598773440700024e+07
1.229846054419592023e+08
9.618587366322161257e+07
6.653698894911627471e+07
5.291624544165000319e+07
1.666336724880738854e+08
2.564958051685170531e+08
4.320095509124244004e+07
1.186529414280542433e+08
1.491675838249728680e+08
1.682362178396394253e+08
4.287764985185797215e+08
2.534823559824276865e+08
2.120641882886251807e+07
1.197527522052062303e+08
1.437923192390933037e+08
9.145936967516313493e+07
1.186529414280542433e+08
1.732761326743460596e+08
3.661529707331314683e+07
1.304770251890708692e+07
3.581003614706506729e+08
1.186529414280542433e+08
1.611257377197685838e+08
3.327969469670671225e+07
1.354529268646571040e+08
5.543864377938739955e+07
6.063807108374463767e+07
1.186529414280542433e+08
1.571242423207718730e+08
1.446489083457553997e-02
1.456995314435929246e+07
2.908764196115596965e+07
1.297449772719872296e+08
1.131845229903934747e+08
