6.682249290840376168e+06
5.579787739722033590e+07
5.477675731533321738e+07
1.265760518968669698e+07
-1.036990461883235723e+07
2.271918525567924604e+07
2.032859362288993225e+07
1.042497587452096678e+07
3.975792924955382347e+08
4.164244933508828878e+08
1.877939424793428183e+07
3.648371309734826088e+08
1.695079797736758739e+07
1.190760656941455416e+07
4.504734060126103461e+07
2.263339299924707785e+07
1.829106402649649978e+07
2.741840807579515968e+06
-5.073251538634452038e+06
1.980545326997254044e+07
2.215628340043976903e+07
2.001326849762039259e+07
2.108911382429566607e+07
8.184643738098761439e+07
3.476576905263294712e-05
2.022493093772470951e+07
3.934410054930855334e+07
3.096992405541137606e+07
2.298830718572771922e+07
1.948037427659409866e+07
4.941718220570749789e+07
1.572284130461950973e+07
1.648317972937787883e+07
2.434253372519386560e+07
8.731584257970529795e+07
2.381547152832565829e+07
-6.909840904922953807e+06
3.457124593446711302e+08
1.977777873215036839e+07
9.630491696629568934e+06
3.178367506636135578e+08
6.981955163823813200e+07
4.821925108772487938e+07
8.286458377759201825e+07
2.387889973030796682e+03
2.369516016417974979e+07
2.148323976926101372e+07
2.539833680149207264e+07
2.850447470108183473e+07
4.776604479024311155e+07
5.452879673515539616e+07
7.320094907787157595e+07
1.958971344132535160e+07
1.962542129760271907e+08
8.370923414302689023e+06
1.514778488669927232e+07
7.094832767826092243e+07
3.755114088294044137e+07
4.000294238542584330e+07
4.124188464005511999e+08
5.058127987435483187e+07
5.005930009916027635e+07
1.420473345441108448e-03
1.596818418382608332e+07
8.719215880813224614e+07
3.061103330893281847e+07
4.025149401919929683e+07
1.731202459944622964e+07
-1.000802667501440458e+07
1.243482427823028117e+08
5.610851514119751751e+07
-1.775065882333094254e+07
5.648050149351940304e+07
-1.000245473016877100e+07
1.519586141713558137e+07
1.857875718184566498e+07
3.727571487272426486e+08
2.324946268205808476e+07
7.945447762777489424e+07
8.013317670297422446e+06
4.460179769367863983e+07
1.162428268421164155e+07
1.839119949307770282e+07
2.423779719299521297e+07
2.368982455610603839e+07
2.178720051763794199e+07
4.295453673552412391e+08
1.515154740207583457e+07
2.037618741231480613e+07
4.334004377392627299e+07
7.645811734022447467e+07
2.291195614966118634e+08
9.443172438712589443e+06
-7.520068041273188777e+06
2.066101820077471435e+07
5.781427470975129726e-05
5.913112150021402538e+07
1.803403566571588069e+07
1.179030123735967427e+08
6.875460841561737657e+07
