3.597974695225454867e+07
5.541306483601773530e+07
3.761356174764958769e+07
1.362525195873987377e+08
1.193445557646522671e+08
3.922940162039167434e+07
5.042064412706045806e+07
4.932275441040254384e+07
3.922940162039167434e+07
3.922940162039167434e+07
6.401535169512549788e+07
3.922940162039167434e+07
1.398799394647514634e+07
3.922940162039167434e+07
3.922940162039167434e+07
3.894509119399471581e+07
3.922940162039167434e+07
1.073506137872062251e+07
6.646834590509621054e+07
3.922940162039167434e+07
2.848149640354331583e+07
3.922940162039167434e+07
4.831777254049680382e+07
3.575576462374543399e+07
3.922940162039167434e+07
4.269828899693585187e+07
4.175327661635787785e+07
3.922940162039167434e+07
4.748711319333645701e+07
3.922940162039167434e+07
3.922940162039167434e+07
5.197455122198411077e+07
3.922940162039167434e+07
4.922935316279001534e+07
3.922940162039167434e+07
3.922940162039167434e+07
3.922940162039167434e+07
3.562117351366311908e+08
4.380788499844577163e+07
8.353273259424395859e+07
3.922940162039167434e+07
3.922940162039167434e+07
6.301003902770152315e+06
1.446846546872205473e+07
3.922940162039167434e+07
3.922940162039167434e+07
4.835158822401912510e+07
5.885647672626497597e+07
3.922940162039167434e+07
3.922940162039167434e+07
3.922940162039167434e+07
4.870483987525352836e+07
5.606232578748361766e+07
1.718287222507266402e+08
3.922940162039167434e+07
5.920666607144479454e+07
7.217068155707730353e+07
-1.528036432786503341e+06
3.922940162039167434e+07
3.239482076797338724e+08
2.910999202299742773e+07
6.499259160020199418e+07
1.018486161008648645e-02
4.896484071283170581e+07
6.532415870499671996e+07
3.922940162039167434e+07
4.932230971242678165e+07
3.922940162039167434e+07
3.922940162039167434e+07
1.505081636907004565e+07
4.067794129705499113e+07
3.636906604476360083e+08
3.922940162039167434e+07
3.620218327378030866e+07
6.635496432303957641e+07
3.922940162039167434e+07
3.840519335748094916e+08
1.969688557166944444e+08
3.922940162039167434e+07
3.922940162039167434e+07
4.738225271935109049e+07
3.740837499049257487e+07
3.922940162039167434e+07
1.192387736271992028e+08
4.615135040308228135e+07
3.922940162039167434e+07
3.034077447696318030e+08
4.744126889230034500e+07
3.922940162039167434e+07
3.922940162039167434e+07
4.661658925240180641e+07
3.922940162039167434e+07
3.922940162039167434e+07
5.056810372774768621e+07
4.799880775031408668e+07
3.922940162039167434e+07
3.922940162039167434e+07
3.922940162039167434e+07
2.130935067783936486e+07
1.727102971568879113e+07
