5.919391918253388256e+07
6.321567531975694001e+07
9.776337578171867132e+07
6.119793759669154137e+07
4.644605161173579842e+07
5.228129241787526757e+07
8.808634843948495388e+07
1.118246849053039700e+08
4.172342499123847485e+08
5.130660756440685391e+08
3.271231091852421314e+07
4.415172126671729088e+08
4.436096621901721507e+07
1.834466784499416873e+07
5.919391918253388256e+07
2.200200977000585943e+07
1.368254172358869016e+08
5.598821301676867530e+06
1.154898701177175641e+08
1.246911027341799997e+07
2.179520122276487947e+07
1.269155958002235740e+08
1.249931561480678618e+08
9.442224402338868380e+07
2.106027747233221839e-05
3.633879243255629390e+07
6.610556489779990166e+07
6.646437409319213033e+07
6.567045367379029095e+07
7.297039372959487140e+07
7.560806815431511402e+07
1.238248677748006582e+08
6.508475940204352885e+07
6.117944515654387325e+07
-1.984563147559269518e+07
3.901590446505244821e+07
1.756847542824683338e+07
1.916521213020721972e+08
2.960438671658952907e+07
4.227887821948502213e+07
5.607604758021782637e+08
1.079953036496852338e+07
7.696432591666407883e+07
4.592287094110649824e+07
3.506111247431962056e+03
2.767945428257773444e+07
6.602692319452361017e+07
6.352510912745390087e+07
6.388645446031843871e+07
4.858418702790525556e+07
9.920723572582633793e+07
7.684636456687621772e+07
6.411994673447966576e+07
5.606674298903927207e+07
8.920215080648314953e+07
7.934761232332441211e+07
1.672610624658605270e+07
6.863807124726720154e+06
1.003676003054124415e+08
1.002938945484587550e+08
8.280057191603475809e+07
1.397663078273755014e+08
1.890032610839011140e-02
2.975168374874445423e+07
2.691449220231378824e+07
2.911827682094834372e+07
6.978504463696372509e+07
8.469311420319838822e+07
1.135355921060687006e+08
7.682561601493909955e+07
8.136081869366963208e+07
5.076733799173930883e+08
7.995017302360343933e+07
5.975825494489977509e+07
1.398284156952852011e+08
8.130432577990265191e+07
5.275271478096380830e+08
8.425309102650526166e+07
4.438439439313966781e+07
2.937969840143323317e+07
6.333533839356287569e+07
8.573202151620213687e+07
1.716933373960028291e+08
1.945066837113118172e+08
6.612060967278091609e+07
5.059455973626068980e+07
1.196083625375882089e+08
3.537843715882349759e+07
7.355344604291242361e+07
4.524070035963317007e+07
6.689093221135796607e+07
1.044648115006329864e+08
3.148062313660361618e+07
1.052098463262621015e+08
6.630083388508424908e+07
2.012439737491990418e-04
3.528284439141547680e+07
9.133187297107228637e+07
9.347303083317902684e+07
4.509721813222594559e+07
