1.214534467408539727e+07
1.214534467408539727e+07
1.214534467408539727e+07
3.668724445886898786e+07
9.041703824271382093e+08
1.910499437503526360e+07
1.539310528554524295e+07
4.325112556694275737e+08
2.077231747397782087e+09
9.649682620770205557e+07
1.763702567795084044e+07
2.245556518257579327e+09
4.201893654627725482e+06
4.266504264952551126e+08
1.214534467408539727e+07
1.104030598303203098e+07
1.851917150876965001e+07
3.171986457422609441e+06
5.333670015574463010e+08
1.298262316110383421e+08
8.507844993379587308e+06
1.214534467408539727e+07
4.232015638847454786e+08
1.071206071670624241e+07
1.034955539528235186e-02
1.214534467408539727e+07
1.309074035968605615e+07
4.462659028319559991e+06
1.465942524226390943e+07
1.626229932412403636e+07
1.730787500813725218e+07
1.526718368280005082e+07
1.088386952382753789e+07
1.451930507266882993e+07
1.628141910434840806e+07
8.106776163686906099e+08
1.214534467408539727e+07
2.495458895692698956e+09
1.214534467408539727e+07
2.312204968424187601e+07
1.090762429720684588e+08
4.381380363779167645e+06
5.683584558717998862e+07
5.263869595604799688e+06
4.693942547351098619e+05
1.214534467408539727e+07
1.214534467408539727e+07
5.008883632106698751e+08
5.229817818175165057e+08
8.778367901272293180e+06
3.455827849786694050e+08
4.269342934470347762e+08
1.214534467408539727e+07
1.253208107670297861e+09
3.469555501656690836e+08
1.736816528488564119e+07
1.214534467408539727e+07
-7.409113862443568651e+05
3.577447944330235720e+08
1.214534467408539727e+07
1.214534467408539727e+07
5.425827227754032612e+08
2.686268776131949844e-03
1.384850748939366452e+07
1.807846453741127625e+07
7.393743426651352085e+06
1.214534467408539727e+07
3.414784838001108766e+08
2.448609949257676676e+07
6.251687116290669888e+06
3.665062371255182624e+08
9.544815660253600776e+07
1.630663091704531573e+07
3.389806024330478311e+08
5.537796251423374414e+08
2.254397013020207733e+07
1.214534467408539727e+07
1.430364928441108227e+09
7.358354751352508552e+06
1.617410935646831430e+07
4.199347535753080845e+08
1.057525493425915390e+07
1.464842849222590923e+09
3.275854131793452799e+07
4.075934825897952914e+08
4.257547729874446988e+06
8.060709741040304303e+07
1.360709661368387938e+07
2.194417602702475339e+07
3.914760428066059947e+08
1.434275079610228911e+07
2.051691067629776523e+07
1.214534467408539727e+07
1.468482576918156259e+07
4.216189328815090656e+08
5.220903714025924153e-03
1.553488249125817716e+08
1.129993845297295600e+07
2.111920742945300341e+08
1.214534467408539727e+07
