3.621415596116174012e+07
3.908555233107532561e+07
2.763347068357755542e+08
1.364844816253707170e+09
6.588701179212369025e+07
5.631860619035495520e+08
4.247906494773400575e+07
4.044110932068939209e+08
1.386963656563799381e+08
3.811342456222293526e+07
5.615132029404432774e+08
1.317087217393593788e+08
2.493300059067591280e+07
3.811342456222293526e+07
3.518391297033020109e+07
3.122403975410168245e+07
4.212348042602320015e+07
1.709939215175642446e+07
4.147300978038248420e+07
8.651672111032508314e+07
2.212080073932211399e+08
4.245567338321699202e+07
3.870426378859458119e+07
3.103403712313542888e+07
8.566356483565983060e-03
3.409836909677655697e+08
3.905547881363082677e+07
3.811342456222293526e+07
4.391296540610957891e+07
3.860109107376816124e+07
4.571508361394105554e+08
3.974718205263877660e+07
2.377463161910273135e+08
4.146489903579124063e+07
5.317326165287096500e+08
5.579958060086183250e+07
2.780708488591407984e+07
1.609431965798107386e+08
3.437437888766838610e+07
5.091169528477743268e+07
3.811342456222293526e+07
2.289702007814119384e+07
3.811342456222293526e+07
2.853697017979021370e+07
3.811342456222293526e+07
2.862861275509563088e+07
3.697062085327272415e+08
4.609487054820585996e+07
5.090957013845005035e+08
3.811342456222293526e+07
2.797057875237705708e+08
3.615500832796841115e+07
4.501828150589363277e+07
8.403617124942930043e+07
2.980867137872368693e+08
4.614684075532940030e+07
3.834767634094908834e+07
1.667327896167142689e+07
2.971822484909752607e+08
1.334282085963959396e+08
3.408145965079719573e+07
5.387695768067624569e+08
9.069244669607338938e-02
3.811342456222293526e+07
5.765797746248066425e+08
1.869665652533222437e+08
3.663550006674336642e+07
3.072408938913156092e+07
5.605689311592309922e+07
1.134784370804097801e+08
3.037046610962979198e+08
1.505225140062121451e+08
4.420282931335537136e+07
4.171859621066459268e+07
4.350216570957825333e+07
4.871404768328057230e+07
3.811342456222293526e+07
9.207292319144159555e+07
3.811342456222293526e+07
4.563995564423709363e+07
3.716604602598080039e+08
3.056293479011705890e+07
2.163316992984907627e+09
3.811342456222293526e+07
3.504973991451611370e+07
1.094622855496869832e+08
3.514530929361760139e+09
3.847214920942642093e+08
4.701338511532070488e+07
3.370039359814455509e+08
3.811342456222293526e+07
4.562546440067830682e+07
3.216403185043029115e+07
4.254409846480090022e+08
3.811342456222293526e+07
6.602299032144539476e-03
3.345984517074592039e+07
3.212836399087599292e+07
3.811342456222293526e+07
3.811342456222293526e+07
