2.104841431712744758e+07
2.104841431712744758e+07
2.212962402790961042e+07
2.104841431712744758e+07
5.269587714783849567e+07
3.187595508844019473e+07
2.755802388864714652e+07
2.370494411669786647e+07
1.255219507460882068e+08
1.550944496051989794e+08
2.927146812651856244e+07
1.356350152675553858e+08
2.104841431712744758e+07
2.104841431712744758e+07
2.583448623376617208e+07
1.799155828882554173e+07
3.270296378759517521e+07
2.104841431712744758e+07
2.104841431712744758e+07
4.537401190154830925e+06
1.362356899366885610e+07
2.104841431712744758e+07
2.104841431712744758e+07
1.736668698151047155e+07
3.550938864818526698e-04
2.085103564342475682e+07
2.263946435410390422e+07
5.787994009882618673e+06
2.632008198928953335e+07
2.920478567085787654e+07
3.032691951853051782e+07
2.654328002204690129e+07
1.921846660401399806e+07
2.345923503837870434e+07
2.656832866630534083e+07
4.691771699641767144e+07
7.694491089097927324e+06
2.104841431712744758e+07
2.104841431712744758e+07
3.792211355370354652e+07
1.715930839434262514e+08
5.282322571889540181e+06
2.104841431712744758e+07
7.356893777402158827e+06
1.079195870739978454e+04
1.480257640741661750e+07
2.104841431712744758e+07
3.109849791501170397e+07
3.242611728679007664e+07
1.486002661525388807e+07
2.226905501938960701e+07
2.104841431712744758e+07
2.104841431712744758e+07
7.406413181977385283e+07
1.791875123855322227e+07
3.125090479052201286e+07
3.084868639753595740e+07
-6.058537052306649275e+05
2.104841431712744758e+07
1.378130527504797578e+08
2.104841431712744758e+07
3.379170016423394531e+07
3.940709578522313961e-03
2.288623832114913315e+07
2.104841431712744758e+07
2.104841431712744758e+07
2.637998658702275902e+07
1.729807482129608095e+07
4.080404932692141086e+07
2.104841431712744758e+07
2.104841431712744758e+07
1.534731992243422866e+08
2.104841431712744758e+07
1.761017650315809622e+07
3.273432346160675213e+07
3.966820661093129963e+07
1.615921135720490217e+08
8.558261890263000131e+07
1.163019465792263485e+07
2.640545227798418328e+07
2.498501452314563841e+07
1.726328591407432407e+07
8.841454152096042037e+07
2.104841431712744758e+07
2.575756091044811159e+07
6.169631293053400703e+06
2.104841431712744758e+07
2.306916059135216475e+07
3.773440545380043238e+07
2.104841431712744758e+07
2.596363870860830322e+07
3.645108018848051131e+07
4.287083437013830058e+06
2.339218463798036426e+07
2.104841431712744758e+07
6.981387477336313194e-03
6.736973709960124455e+06
1.876258443140808493e+07
1.318764781084727682e+07
2.104841431712744758e+07
