2.051721472347204760e+07
4.417657644302423298e+07
6.621757686788380891e+07
4.707716243208406121e+07
2.494367752497319132e+07
2.858746991964072734e+07
6.229870401958660781e+07
2.259939348797705024e+07
7.784964202557785809e+07
1.007977814063231647e+08
1.932032122696776316e+07
7.101924108457075059e+07
8.458218611439673230e+06
4.100888166050662100e+07
1.116524412600678392e+07
1.854079207742962241e+07
4.377454436041409522e+07
5.876436382615445182e+06
1.442173558974936418e+07
1.024206532543217950e+07
1.583728729376559146e+07
4.152235681563546509e+07
5.575382534697870165e+07
1.979568600601181388e+07
1.591525142260961223e-05
2.524145200538971275e+07
4.960741476690617949e+07
2.933236708290901035e+07
5.600055718052198738e+07
7.170060352067941427e+07
4.428824820710114390e+07
4.117846590440846235e+07
6.014298792167486995e+07
2.822503688288765401e+07
-1.516420502128411457e+07
-1.035165413659532554e+07
1.342092031430266798e+07
5.601663653304927051e+07
2.085912050374551862e+07
2.363073704814844579e+07
5.582356561936077476e+07
5.759897631804175675e+07
1.833839695784862339e+07
1.625521222299757227e+07
3.244864698659318492e+03
1.705465607473048195e+07
5.678616602507042140e+07
5.117285486231964827e+07
7.110214845266413689e+07
7.244075795103639364e+06
6.848859325608882308e+07
4.827827412872000784e+07
5.136906466926616430e+07
5.196032071313849092e+07
2.222065052811342850e+07
4.998988808849467337e+07
4.373401641787030734e+06
3.370481625651815906e+06
3.727579963189168274e+07
1.053717584514607191e+08
2.238324314984000102e+07
5.931649621975279599e+07
1.698955607215229364e-04
4.100888166050662100e+07
2.115083893173632026e+07
1.561217388181419112e+07
5.680137097194954008e+07
1.594700021016889997e+07
2.448097346586256102e+07
7.570670197105209529e+07
6.357671563830855489e+07
5.545596895225914568e+07
4.808116328890413046e+07
2.340347017207731679e+07
4.389463141894067824e+07
5.017418175800939649e+07
6.554931351632326841e+07
2.084026673700540513e+07
3.894601531536405534e+07
1.988980132484366000e+07
4.676718089660421014e+07
1.631057613403165154e+07
8.467118056518033147e+07
4.083094502465278655e+07
6.427045708729545772e+07
9.069453068143280223e+06
6.129039546479456872e+07
2.897192135203261673e+07
4.828580923312647641e+07
3.370826832748471946e+07
6.407262608019968867e+07
5.996106874458228052e+07
2.647402948153997585e+07
2.600553658332300559e+07
6.044800589289234579e+07
1.141994342936960123e-04
3.194144710740031675e+07
2.808378793103531376e+07
3.578434921834819019e+07
4.011956044961896539e+07
