6.930644151533834636e+06
3.262130865539536346e+06
3.352587820737993810e+06
3.088194273160261102e+06
2.396050855220875889e+07
2.640206625348773319e+06
1.159107831894270331e+07
2.472371069416311104e+06
4.820691960820660926e+06
5.688063385756363161e+06
1.182095271949571557e+07
5.110737462351570837e+06
1.643623418354633730e+06
8.875943877942707390e+06
3.486298547214317601e+06
1.996947445693940390e+06
3.203191435087366030e+06
1.358272161302661756e+06
1.809420543913038215e+06
2.553430306094028521e+06
2.338090575166946743e+06
2.532538196357688401e+06
3.519433103627150878e+06
2.416810283571050037e+06
3.352587820737993810e+06
2.500944147292852402e+06
9.624122251650558785e+06
4.454491992668899707e+06
3.911595772953988053e+06
1.218437888174984977e+07
3.239058477416162845e+06
2.892117842580698431e+06
3.964063806961966679e+06
2.483015385400016792e+06
3.352587820737993810e+06
2.533129856474764645e+06
2.240576989886014722e+06
5.518955215476929210e+06
8.551008646162159741e+06
3.352587820737993810e+06
5.942998517350340262e+06
3.352587820737993810e+06
2.583827542665928230e+07
4.911146244879789650e+06
5.302113227965997794e+03
6.390286100982439704e+06
3.616185197321662214e+06
3.339568845133773051e+06
3.352587820737993810e+06
7.319127196225992404e+06
3.877944338959442452e+06
3.423340466471030843e+06
3.511466764560384210e+06
3.277614948069403879e+06
7.159237773519127630e+06
3.274031587922129780e+06
1.341432069953306578e+07
1.978468270461783977e+06
2.941468848920105491e+06
5.162094132900598459e+06
6.559614820806463249e+06
3.161933503387827892e+06
3.147720592028616354e-04
9.039115395986413583e+06
2.323218591492019594e+06
2.203341941440475173e+06
3.350677761341461446e+06
6.789992997981921770e+06
3.352587820737993810e+06
6.211023722253561020e+06
3.822605456981386524e+06
8.995085770151025057e+07
3.284732927955619525e+06
2.591172548951335717e+06
2.808568830513947178e+06
3.168013178739774507e+06
5.707554491060405038e+06
4.343809210214310139e+07
4.049509301734625362e+06
2.058671984685551142e+06
3.093624707846516743e+06
6.748491157984123565e+06
3.874998250580356922e+06
2.963537915603283793e+06
3.668545555624285713e+06
2.236982730489016511e+06
4.982955301537822932e+06
3.352587820737993810e+06
1.579959946933109872e+07
9.431153989345228299e+06
3.490487056949756108e+06
3.352587820737993810e+06
4.040070621081756428e+06
9.232596009502733126e+06
3.446042586776445620e+06
3.352587820737993810e+06
3.904403014656758402e+06
3.352587820737993810e+06
7.959483117145125754e+06
3.898397091390757356e+06
