2.406726992974365875e+07
3.670250359183611721e+07
3.269207307049415633e+07
2.998369560550727695e+07
2.998369560550727695e+07
3.744231098515248299e+07
3.528964786104754359e+07
2.998369560550727695e+07
1.272266077653413117e+08
1.560163659578330219e+08
2.998369560550727695e+07
1.371154654195410907e+08
1.217994437845311873e+07
2.998369560550727695e+07
3.423905550642650574e+07
2.362386600979252532e+07
3.903152600020456314e+07
9.289468489702614024e+06
3.308205826281379908e+07
1.433559511005039327e+07
2.998369560550727695e+07
3.626405583090743423e+07
2.998369560550727695e+07
2.453223580995068327e+07
2.998369560550727695e+07
2.767873292732475325e+07
3.138192371661096439e+07
2.131941083305998892e+07
3.452984167288162559e+07
2.998369560550727695e+07
3.726578047670736909e+07
3.347862047644258291e+07
3.097938964596643299e+07
2.998369560550727695e+07
2.998369560550727695e+07
5.071398173960147053e+07
2.998369560550727695e+07
1.518042876230081320e+08
2.802591732948250696e+07
4.229420108343990892e+07
2.998369560550727695e+07
3.325901255279858783e+07
7.338671923703484237e+07
2.229516676627441868e+07
2.479494509854530406e+04
2.998369560550727695e+07
2.998369560550727695e+07
3.779976275482441485e+07
3.875198561326745898e+07
2.998369560550727695e+07
3.270449449911896139e+07
3.483069403433685005e+07
2.998369560550727695e+07
7.678520566313950717e+07
2.455579903280459717e+07
3.785677901092614979e+07
3.377388628320551664e+07
1.096681278670663014e+07
2.850293825070902333e+07
1.391478738900268972e+08
2.998369560550727695e+07
3.975175669857055694e+07
5.085612753013347628e-03
2.849774608167453483e+07
3.445280586062780023e+07
1.907100359306042269e+07
3.403764086761575937e+07
2.316154474936707318e+07
2.998369560550727695e+07
2.998369560550727695e+07
3.309851406509193033e+07
2.998369560550727695e+07
3.643510798837705702e+07
2.998369560550727695e+07
3.847050748377425969e+07
4.479751946842182428e+07
1.624236944078885019e+08
8.814368915436227620e+07
2.642705184773686528e+07
3.133943488579034433e+07
3.269761914149887860e+07
2.291940779068068042e+07
9.089773090385109186e+07
2.998369560550727695e+07
2.998369560550727695e+07
1.418108462933746539e+07
1.310914570567013174e+08
2.998369560550727695e+07
2.998369560550727695e+07
3.068740973557979241e+07
2.998369560550727695e+07
2.998369560550727695e+07
2.998369560550727695e+07
2.998369560550727695e+07
3.465883017425411195e+07
2.998369560550727695e+07
2.998369560550727695e+07
2.611987485251308605e+07
3.172396363442859426e+07
2.998369560550727695e+07
