3.598938214590580016e+07
5.683515076849561185e+07
6.338517907151398063e+07
8.358031778684298694e+07
6.494431390199022740e+07
5.707736992120562494e+07
6.758784598583362997e+07
2.502477567673998699e+07
1.633410328330922127e+08
1.776167638737157881e+08
3.748424963052286208e+07
1.734572507338818610e+08
1.348643694372849911e+07
3.050159025622959808e+07
5.931756168433715403e+07
2.981254223144818842e+07
4.150027248403561860e+07
6.916456973493206315e+06
3.364065410816772282e+07
1.152258638984623924e+07
2.439355552825145051e+07
3.237419653744561225e+07
5.335938766033203900e+07
3.687385416567705572e+07
3.878860502500040472e-05
4.212508847019594908e+07
6.020642438777197152e+07
1.911796124035914615e+07
3.449855171839701384e+07
6.770655960636620224e+07
6.578011266676665097e+07
4.783757018756736815e+07
7.143778146209293604e+07
3.896225254557924718e+07
3.820458853851435333e+07
5.668925684762905538e+07
2.004127028137993813e+07
1.667159888946219385e+08
4.124460131053979695e+07
5.490761226781381667e+07
1.535059688130710423e+08
1.203009947572530061e+07
6.022701184173557907e+07
3.675825089831322432e+07
6.942777614732615802e+03
3.158615382215989754e+07
3.196166481674434245e+07
4.019150747379172593e+07
8.478747568274654448e+07
3.450640883618863672e+07
4.128604862851209193e+07
3.029740977497795597e+07
6.858017218247602880e+07
8.702430952440895140e+07
1.993265460216048732e+07
2.569623798609723151e+07
2.741153623211463168e+07
-3.783668857048269827e+06
3.820888529454470426e+07
1.586192791165014207e+08
1.824453471807538345e+07
6.745915686306326091e+07
4.106903067698971501e-04
3.689657860249080509e+07
4.888520789130239189e+07
1.306934492033038847e+07
3.028830063309289888e+07
2.415921184019335732e+07
6.146155343077306449e+07
3.975664445790448785e+07
5.618860162686473131e+07
1.808438940167423189e+08
4.192447696373631060e+07
3.925349484128779918e+07
6.764680684852847457e+07
3.468375327010267973e+07
1.596853413571625352e+08
1.189500755006921887e+08
4.427087067438095808e+07
3.511069693454138935e+07
4.611223120754407346e+07
2.791790307470585406e+07
1.297849141914061904e+08
8.455938482091219723e+07
8.845086866947196424e+07
1.803709968707077205e+07
1.405466038838754892e+08
3.889983647645684332e+07
6.664784530903286487e+07
5.072555519588183612e+07
3.575987158179452270e+07
5.359729331455895305e+07
3.193640693813896179e+07
3.792180561013495177e+07
6.461016734072297066e+07
6.655116136282558138e-03
4.336036259628655016e+07
4.682191295883953571e+07
6.848766400469215214e+07
1.112880965758688189e+07
