1.186833887368571386e+07
9.097406557686397806e+06
8.761286471085594967e+06
2.005410552166688070e+07
2.888604037227440998e+07
1.242290190993877314e+07
1.791134069217746332e+07
1.316831110957624204e+07
5.891849463741926104e+07
1.009102757436349057e+07
1.590637703509264812e+07
4.677553534335696697e+07
1.068120299000484683e+07
1.603578546034499444e+07
1.009102757436349057e+07
1.149638069053548016e+07
1.010002862492609024e+07
4.583291672807829455e+06
1.971447959334224090e+07
1.223855127553751320e+07
1.040377511701549031e+07
1.468466917518352903e+07
8.513198320169599727e+06
1.169106911109331064e+07
2.940703667674693226e-04
1.148991586227056198e+07
1.043009670338369533e+07
1.374482173603930883e+07
9.062116222872108221e+06
1.953522901592492312e+07
1.856656207362468168e+07
1.082237946981925331e+07
8.875916696687368676e+06
1.240585164138315804e+07
1.684298080210768804e+07
1.009102757436349057e+07
1.009102757436349057e+07
6.089146004966014624e+07
1.187482606091213599e+07
1.742862131555006653e+07
1.078464293771349341e+08
1.595008837347787619e+07
3.257090200672544912e+07
1.047590361269198917e+07
1.632657204761348898e+06
1.207426191281412728e+07
8.713226959467289969e+06
9.029545132233362645e+06
1.110697761658268608e+07
1.100301232279590145e+07
8.397408139200134203e+06
8.921852700326580554e+06
9.369031083963446319e+06
4.194111746478789300e+07
1.231392633452324010e+07
9.282870506450071931e+06
2.548901901472073048e+07
3.113730885880084708e+06
1.539824688807759807e+07
5.173529800714477152e+07
1.218801165833562985e+07
9.836898149067312479e+06
2.753083720824957368e-03
1.383737817980390415e+07
1.894377424672552198e+07
1.015034156779854000e+07
9.830714504704326391e+06
1.282305087084628455e+07
2.145577339512997866e+07
1.279694796026592143e+07
8.605287912316884845e+06
6.504780210787627846e+07
9.260687076043007895e+06
1.373188989669440314e+07
2.458402239450694993e+07
2.407179327998498455e+07
8.790987515615017712e+07
3.134312589962305129e+07
1.113035959862114489e+07
1.506108746316465549e+07
1.009102757436349057e+07
1.116209329525082558e+07
1.009102757436349057e+07
1.884561592314601690e+07
8.579729317976724356e+06
7.841462439907819033e+06
4.601939724964588881e+07
1.451428334612618573e+07
2.119119038148766011e+07
9.576241146566143259e+06
1.714607483522264659e+07
2.230800118928503245e+07
1.524749565755951591e+07
1.531639914007810690e+07
9.862996179644268006e+06
7.221413245540438766e+02
1.256201018534612283e+07
1.160184462285112776e+07
1.124783325931487978e+07
1.222590792204173096e+07
