6.866911013587020338e+07
7.736076283483876288e+07
7.663410546934379637e+07
2.420665164683883786e+08
2.118734374589722157e+08
1.218098066034153700e+08
9.763701965947322547e+07
7.736076283483876288e+07
7.736076283483876288e+07
6.392896044929424524e+08
1.164972729654801637e+08
5.550827569726362228e+08
2.807937835533270612e+07
7.736076283483876288e+07
9.099157814176841080e+07
7.276148567091560364e+07
1.183009472078108042e+08
7.736076283483876288e+07
7.736076283483876288e+07
2.258791227929750457e+07
7.736076283483876288e+07
1.191548396899600327e+08
7.736076283483876288e+07
7.736076283483876288e+07
1.740677564443990398e-03
7.736076283483876288e+07
7.736076283483876288e+07
7.736076283483876288e+07
9.276404616316582263e+07
1.041436579396213442e+08
1.087141661808559299e+08
9.865153837447658181e+07
6.808296445112052560e+07
7.736076283483876288e+07
7.736076283483876288e+07
7.736076283483876288e+07
3.407603802568653971e+07
6.199324451480953693e+08
8.289241984945128858e+07
7.736076283483876288e+07
7.120520387924374342e+08
7.736076283483876288e+07
3.107891597503514588e+07
3.332396558899247274e+07
5.907100075464775728e+04
7.736076283483876288e+07
9.427544324914173782e+07
1.118076537877204865e+08
1.171299465272376835e+08
5.614138053583584726e+07
7.721684038809199631e+07
7.736076283483876288e+07
7.736076283483876288e+07
3.018014615021290779e+08
7.121534601662428677e+07
1.123335652237385660e+08
1.278539256779377013e+08
-4.515961217565687373e+06
7.736076283483876288e+07
5.645924367321267128e+08
5.836644616421397030e+07
7.736076283483876288e+07
1.821807518005124846e-02
9.075985689699985087e+07
1.186405199984353930e+08
4.773320114084237814e+07
9.514212349862490594e+07
7.736076283483876288e+07
1.615582511034289896e+08
3.882812325148632377e+07
7.736076283483876288e+07
7.736076283483876288e+07
1.044499767339571118e+08
6.946308387627439201e+07
1.231106626891258061e+08
7.736076283483876288e+07
6.673331389020661116e+08
3.461127847803179622e+08
7.736076283483876288e+07
7.736076283483876288e+07
7.736076283483876288e+07
7.002849717090541124e+07
3.544849463228718638e+08
2.128551401895729601e+08
7.736076283483876288e+07
2.845038399091891572e+07
5.294023083632550836e+08
7.736076283483876288e+07
1.388292145214824080e+08
8.400845711014834046e+07
7.736076283483876288e+07
7.736076283483876288e+07
2.262045595622808486e+07
9.324777827480879426e+07
9.361004642838148773e+07
2.935147211042485674e-02
3.128081372010486946e+07
7.736076283483876288e+07
4.959943609766785800e+07
3.900539449509549886e+07
