1.116150629881870560e+07
3.216103826242200658e+07
3.614674614943224192e+07
1.715930718143171817e+07
2.525519776007685438e+07
3.420575621261336654e+07
3.494451919325431436e+07
1.441728585311715305e+07
2.163930676831434295e+07
1.905855891877010837e+07
1.070963356966258213e+07
3.232732364690245390e+08
4.288985991331230849e+06
7.261037612829979509e+06
2.558134555396043882e+07
8.385230799421950243e+06
2.948990050399056077e+07
2.938915031312033068e+06
6.855485404350698926e+06
6.294041681622941978e+06
1.146164098501957208e+07
2.525519776007685438e+07
3.087970954334890470e+07
2.860883461633040383e+07
2.037436469046828341e-04
2.956637009636335447e+07
3.071673624785272777e+07
1.298385975010708533e+07
3.340013336705090106e+07
3.070363118463277444e+07
3.206043442295719311e+07
3.420442473231616616e+07
3.320750312674213946e+07
5.959346733550317585e+07
5.275224011407995224e+07
1.221305986913730390e+07
2.312562704709210992e+07
1.942259227418818697e+07
1.503835828642784245e+07
1.232952333325942978e+07
1.491360710028818808e+07
9.733481302199164405e+06
7.180750032027013600e+06
1.321519870892645977e+07
1.899429122857535185e+04
2.525519776007685438e+07
1.653727744390564971e+07
5.033098378834017366e+07
3.026319591357463971e+07
2.730938157686524093e+07
3.732880700624483824e+07
1.624473976528184488e+07
3.015746024852459133e+07
1.257508319639639929e+07
1.151870728530960716e+07
3.129087856128181890e+07
7.424726482956627011e+07
1.883454856323017273e+06
4.043707824974927306e+07
2.055093655724283680e+07
1.632816755666444078e+07
5.385272511660937965e+07
6.814315230146709350e-05
1.106388520105776750e+07
2.786765919647230208e+07
2.388549836465996504e+07
2.959152356829182059e+07
8.791464960400179029e+06
2.525519776007685438e+07
3.372290052352757007e+07
1.468551299226464517e+07
3.689645872463151217e+08
3.299736375585490093e+07
1.244511539319561981e+07
2.127877283102649450e+07
2.970223633420021832e+07
3.537365796684711576e+08
1.714998114054222032e+07
2.318531040429188311e+07
9.771441587836621329e+06
2.605587245403069258e+07
2.525519776007685438e+07
2.179367571743422374e+07
1.777530127572759986e+07
5.517520928405509889e+07
6.265534878290212713e+06
2.090466347585479170e+07
1.478252007775446400e+07
2.780966721126071364e+07
5.884471536827778816e+07
4.352845923484688997e+07
2.994803124774683267e+07
3.289163920325895306e+06
1.025498980955236964e+07
1.611678958361792192e+07
1.993184575397688799e-02
1.469135372120244615e+07
2.525519776007685438e+07
3.588182868367324769e+07
1.824063396363553032e+07
