2.153547978204910457e+07
5.972514558378002793e+07
6.388039864770281315e+07
7.691446230455029011e+07
1.275520239819042981e+08
4.605889185043220222e+07
6.754404830086106062e+07
3.087448584046058729e+07
1.780991426689538360e+08
3.492409176122838855e+08
3.603207462880738080e+07
1.938338508089986444e+08
6.429990685584310442e+06
6.088243976848123223e+07
5.951497539269181341e+07
5.318385501622636616e+07
6.317805039630945772e+07
4.290366759678312577e+06
2.642447035552253574e+07
8.331646479953747243e+06
2.800801723191015050e+07
8.433122550093358755e+07
6.347419583733467758e+07
3.219637922283390164e+07
2.379724418375219031e-05
4.403295131143863499e+07
4.841812606855086982e+07
1.057846431869401410e+07
4.712931356510451436e+07
6.584720868979515880e+07
6.082324342332606763e+07
8.073814954717668891e+07
5.122980476161088794e+07
3.132120294467972964e+07
2.703029766312831640e+07
1.236962234387050569e+08
1.541837737651999481e+07
1.546532839493888021e+08
3.551008789569236338e+07
9.660868667451682687e+07
1.431377239783554375e+08
2.992759132821877301e+07
8.315269110470193624e+07
4.436595354126334190e+07
4.027309325336136681e+04
2.254590584029208124e+07
7.044065313250835240e+07
9.183374832062074542e+07
6.312666704955007136e+07
3.349189276650595665e+07
8.298762556416030228e+07
5.737436290452142060e+07
7.345264316122664511e+07
1.728775601713510454e+08
2.212105747617733479e+07
6.194982105381310731e+07
7.483368478807641566e+07
-2.122391264504976571e+06
3.410289680065888166e+07
3.114262081942940950e+08
2.546189962529366463e+07
6.644265756131154299e+07
2.482879528921757856e-04
2.629491171138187125e+07
3.385591605418828130e+07
1.621424260172611661e+07
5.726584577116372436e+07
3.907729163093362004e+07
5.864776747622175515e+07
5.024117164762873203e+07
6.294099797881793976e+07
1.661099522556385696e+08
8.870208882914318144e+07
4.471728958510231972e+07
5.829821792429287732e+07
7.570614661901085079e+07
1.500188721497582197e+08
2.369431376463355422e+08
3.059836185506563261e+07
2.790737173852144182e+07
8.005656016604986787e+07
4.471728958510231972e+07
2.063725466905073822e+08
9.706621105203795433e+07
6.849718693217493594e+07
2.724933104689862207e+07
1.511729692966865897e+08
3.135490933797882125e+07
7.625045034599182010e+07
4.855250323322244734e+07
4.608317467617338151e+07
8.505135817904898524e+07
1.265591599933231808e+07
2.559019026872738078e+07
6.312329851465304196e+07
3.322044089280008425e-04
2.117670671840748191e+07
5.944951062252704054e+07
4.319531649047388881e+07
2.099336386849274486e+07
