1.791806351520106196e+08
1.178275762329693735e+08
9.021375483799791336e+07
4.632802916872952580e+08
1.178275762329693735e+08
2.157547534031882882e+08
1.207049706815759987e+08
2.015658028895013630e+08
1.052860970088138938e+09
1.766604640336364985e+09
3.061235065628852248e+08
1.178275762329693735e+08
1.178275762329693735e+08
1.178275762329693735e+08
1.178275762329693735e+08
1.178275762329693735e+08
1.514993076586308181e+08
1.970122534023409486e+08
1.178275762329693735e+08
1.152523217116494477e+08
1.178275762329693735e+08
1.178275762329693735e+08
1.149932369006764293e+08
1.674772904204839766e+08
6.817710917526421888e+00
1.757621003697493076e+08
1.178275762329693735e+08
1.178275762329693735e+08
1.136863394364997894e+08
1.178275762329693735e+08
1.178275762329693735e+08
1.548304977923041284e+08
8.690801150125414133e+07
2.112188224011888504e+08
3.850653079055051804e+08
1.178275762329693735e+08
1.430017186234641671e+08
1.178275762329693735e+08
1.802367854960513413e+08
1.178275762329693735e+08
1.178275762329693735e+08
1.178275762329693735e+08
6.917597677557300031e+07
1.178275762329693735e+08
3.467196193663205206e+07
1.322698561652039438e+08
1.142926285353991836e+08
1.178275762329693735e+08
1.492435034393025041e+08
8.921288759463380277e+07
1.178275762329693735e+08
1.165422327742903829e+08
1.178275762329693735e+08
8.214005982018516064e+08
1.855243147297945917e+08
1.419968730751916468e+08
1.178275762329693735e+08
1.178275762329693735e+08
1.307206940152176321e+08
1.287863888972710609e+09
1.224678355425280780e+08
1.540797749037551582e+08
1.081681790066990203e+02
1.178275762329693735e+08
1.178275762329693735e+08
1.178275762329693735e+08
1.178275762329693735e+08
2.195503138857893050e+08
1.178275762329693735e+08
6.317839574836787581e+07
9.744522374138024449e+07
1.178275762329693735e+08
1.307858813307671696e+08
1.178275762329693735e+08
1.940826105756129622e+08
1.948005542075571120e+08
1.178275762329693735e+08
7.332741213191891909e+08
8.271652030507265031e+07
2.945689832290279269e+08
1.333170567453009784e+08
2.306335589589523375e+08
6.253730200766298771e+08
4.031006612875885367e+08
1.178275762329693735e+08
1.367184133665720522e+08
1.178275762329693735e+08
1.868902720804908872e+08
1.178275762329693735e+08
1.331929828964834064e+08
1.113537914482951015e+08
1.745072698258216381e+08
8.701334330284480751e+07
2.576988700137417018e+08
1.178275762329693735e+08
1.178275762329693735e+08
1.178275762329693735e+08
1.604215101129479110e+08
6.690201663849443197e+07
8.550657784132868052e+07
