152	0.41
108	0.58
218	0.75
218	0.75
192	-3.38
18	0.59
18	0.59
149	0.54
149	0.54
90	0.32
118	0.24
118	0.24
79	0.59
79	0.59
44	0.21
44	0.21
92	0.21
92	0.21
17	0.59
17	0.59
19	0.70
19	0.70
138	0.80
138	0.80
77	0.50
80	0.57
163	0.72
163	0.72
80	0.57
2	-3.38
220	0.75
219	-0.05
142	0.34
142	0.34
133	0.04
26	0.76
141	0.04
180	-0.51
11	0.27
202	0.46
123	0.19
123	0.19
197	0.26
146	-3.38
5	-3.38
158	0.75
31	-0.05
158	0.75
236	0.46
199	0.87
199	0.87
72	0.73
93	0.13
144	1.00
6	0.52
6	0.52
144	1.00
157	0.27
85	1.00
85	1.00
137	0.26
137	0.26
54	-3.64
54	-3.64
177	0.14
177	0.14
89	0.18
220	0.75
147	0.69
57	0.41
197	0.26
115	0.49
115	0.49
24	0.27
