SAMPLIG RATE = 64
---------------------------------------------------------------------------------------------------------------------------------------------------------------------------
Final chi2:   chi2 44411100881411.586
xrd_peaks [1459767.73787867 7360234.7405645  2063666.03206858 4571585.67186067
 2581164.38896845 9652820.48549385 9904029.57664628 7345859.01855933
  558355.6335477  2159961.11264702 8432166.1662731  4890009.89941153]
nmr_peaks [  882693.2  9378411.    713669.4  5851962.   1214970.   8716287.
 11242700.   8025396.    826838.4  5647716.   4936195.   2227779. ]
difference [ -65.37657001   21.51938382 -189.16274567   21.87943681 -112.44675909
  -10.744638     11.90701898    8.46733272   32.47100842   61.75513938
  -70.82319816 -119.50157082]
OPTIMIZED PARAMETERS: 
[-19.9808272    8.73060471   2.08111993   1.17696949   1.54659587
   7.69175817   1.12830059]
R2: 0.7195268731149189
aveErr%: 14.424914801210774

Final chi2:   chi2 63028542504604.12
xrd_peaks [1447964.08682558 5441372.77064121  412615.93792146 7739262.04309218
 2016183.02150983 7018158.83669466 6866594.38095897 6360392.91342651
  450105.94740093 1622191.30082071 5517884.13762319 3420653.98945681]
nmr_peaks [  882693.2  9378411.    713669.4  5851962.   1214970.   8716287.
 11242700.   8025396.    826838.4  5647716.   4936195.   2227779. ]
difference [-64.03933856  41.97980052  42.18388263 -32.2507228  -65.94508683
  19.48224242  38.92397395  20.74667825  45.56300876  71.27703835
 -11.78416042 -53.54548137]
OPTIMIZED PARAMETERS: 
[16.99136351 15.0545956   0.88452713  0.63524169 -0.7009358   0.81085352
  1.24061815]
R2: 0.675818150062693
aveErr%: 15.86802531912793

Final chi2:   chi2 61459446746339.41
xrd_peaks [ 1488760.32227947  8005681.78957558   435921.75524218  3544798.87773371
  1921779.42399264 10594781.16290673  7946207.48362274  8146570.38670976
   362619.9436218   2070520.70771638  8003250.09259827  6287222.38274453]
nmr_peaks [  882693.2  9378411.    713669.4  5851962.   1214970.   8716287.
 11242700.   8025396.    826838.4  5647716.   4936195.   2227779. ]
difference [ -68.66112963   14.63711934   38.91825049   39.42546316  -58.17505156
  -21.55154096   29.32118189   -1.5098867    56.14379501   63.33879558
  -62.13399375 -182.21930374]
OPTIMIZED PARAMETERS: 
[-12.53256093   5.18392152   2.55627797   1.98029241   2.57541072
   3.0730168    1.13222643]
R2: 0.6351077105879892
aveErr%: 16.110149855549974

Final chi2:   chi2 75366606454555.53
xrd_peaks [ 1700856.11303495  7538982.0137638    374771.42450268  8230066.38053503
  3083282.09727875  9599119.21190413 10268466.94316169  7212380.01624398
   543821.68679677  1755012.80008565 10433334.8522972   5997605.72811162]
nmr_peaks [  882693.2  9378411.    713669.4  5851962.   1214970.   8716287.
 11242700.   8025396.    826838.4  5647716.   4936195.   2227779. ]
difference [ -92.68938664   19.6134397    47.48668999  -40.63772766 -153.77433988
  -10.12853537    8.66547232   10.1305404    34.22878197   68.92526465
 -111.36391193 -169.21906204]
OPTIMIZED PARAMETERS: 
[27.39341908 16.78200924  1.31212043  0.72381572  0.96334267  0.90423985
  1.03503227]
R2: 0.6055984182335991
aveErr%: 17.311732723313145

UP THE SAMPLING RATE FROM 64 to 256:
--------------------------------------------------------------------------------------------------------------------------------------------------------------------------
Final chi2:   chi2 146932018472120.97
xrd_peaks [ 1490612.11322864  7656326.54709692   571100.7285975  14425422.71781423
  2837997.8277446  10090135.02896338 11337328.6749586   7847654.14057229
   544532.84258515  2002772.3841042  11165056.06209422  5881007.52904698]
nmr_peaks [  882693.2  9378411.    713669.4  5851962.   1214970.   8716287.
 11242700.   8025396.    826838.4  5647716.   4936195.   2227779. ]
difference [ -68.87091837   18.36221992   19.97685082 -146.50574829 -133.58583568
  -15.76184939   -0.84168994    2.21474254   34.14277293   64.53836588
 -126.18749993 -163.98523054]
OPTIMIZED PARAMETERS: 
[-1.93691499  6.84776809  2.57598977 -1.35299665 -1.73961781  2.70167292
  3.32821807]
R2: 0.5114268221190835
aveErr%: 20.84657741682349

Final chi2:   chi2 41644540331887.305
xrd_peaks [ 1728761.62460424  7717034.86942005   653500.34461482  6012014.10338672
  2874698.40206214 10048085.40109739 10433139.41577252  8169409.98099959
   630703.15422673  2279982.30146997  8658457.47744317  5002567.27095396]
nmr_peaks [  882693.2  9378411.    713669.4  5851962.   1214970.   8716287.
 11242700.   8025396.    826838.4  5647716.   4936195.   2227779. ]
difference [ -95.85079217   17.7149        8.43094231   -2.73501611 -136.60653366
  -15.27942346    7.20076658   -1.79447819   23.72110993   59.63001147
  -75.40752498 -124.55401864]
OPTIMIZED PARAMETERS: 
[-6.85662055 11.59722644  1.54112845  0.92679069  1.13991978  1.59683358
  1.07008506]
R2: 0.7548066896102222
aveErr%: 12.40337194731035

Final chi2:   chi2 57896661674253.875
xrd_peaks [2121582.91014788 7906411.56304655  961951.2085242  9255989.25330063
 3320038.51280852 9898542.18896118 9658941.85549152 7727486.57903506
  675291.39701025 2101490.94625677 8342578.73921248 5377029.18961215]
nmr_peaks [  882693.2  9378411.    713669.4  5851962.   1214970.   8716287.
 11242700.   8025396.    826838.4  5647716.   4936195.   2227779. ]
difference [-140.35337648   15.69561663  -34.78947094  -58.16899107 -173.26094577
  -13.56374783   14.08699107    3.71208375   18.32849115   62.79042809
  -69.00828957 -141.36277385]
OPTIMIZED PARAMETERS: 
[26.28253433 24.95804297  0.91458009  0.58443825 -0.74863755 -1.30281746
  1.01471544]
R2: 0.6780254680429344
aveErr%: 16.14795634925098

UP THE SAMPLING RATE FROM 256 to 2000:
--------------------------------------------------------------------------------------------------------------------------------------------------------------------------
Final chi2:   chi2 61914750048213.12
xrd_peaks [1490325.10516975 7496933.5893626   233511.79355833 8273598.83568404
 2716329.42595997 9673666.67642627 9595601.26187758 6793259.84897983
  518096.40679789 1908901.377329   9259436.51103079 5654800.54881401]
nmr_peaks [  882693.2  9378411.    713669.4  5851962.   1214970.   8716287.
 11242700.   8025396.    826838.4  5647716.   4936195.   2227779. ]
difference [ -68.83840333   20.0617931    67.28011688  -41.38162271 -123.57172819
  -10.98380166   14.65038414   15.3529639    37.34006466   66.20047153
  -87.58247012 -153.83130682]
OPTIMIZED PARAMETERS: 
[ 7.62856109 13.28624649  1.27101002  0.69734478  0.9930256   0.5728583
  1.13568758]
R2: 0.6449071132491024
aveErr%: 16.697277214829477

Final chi2:   chi2 48147176776077.43
xrd_peaks [ 2225476.83326889  7384413.37920204    37448.54139059  8072099.43639441
  3589650.94760407  9211947.48272181 10058657.55237629  7779404.12754078
   767923.83273208  2061527.63280459  8174492.50319492  4734520.19244036]
nmr_peaks [  882693.2  9378411.    713669.4  5851962.   1214970.   8716287.
 11242700.   8025396.    826838.4  5647716.   4936195.   2227779. ]
difference [-152.12348223   21.26157214   94.7526766   -37.93834335 -195.45181754
   -5.68660122   10.53165563    3.06516803    7.12528195   63.49802942
  -65.60311137 -112.52198681]
OPTIMIZED PARAMETERS: 
[-46.12964647  27.36853943   1.0295879    0.63831388  -0.75585659
   0.05020884   1.01669136]
R2: 0.7112614035977707
aveErr%: 14.767847084165789

CHANED THE DATA SET USED (NO LEUCINES, NO NEED FOR SAMPLING:)
--------------------------------------------------------------------------------------------------------------------------------------------------------------------------
Final chi2:   chi2 4021174246241.0864
xrd_peaks [ 8248886.56662468  1481832.96916609 10961537.79275002  7894961.73654261
  2406654.32279178  9649134.0017081 ]
nmr_peaks [ 9378411.    882693.2 11242700.   8025396.   1214970.   8716287. ]
difference [ 12.04387858 -67.87633225   2.50084239   1.62526888 -98.08343603
 -10.7023438 ]
OPTIMIZED PARAMETERS: 
[ 75.53998027   0.33819015 118.17054397  88.92688518  72.76034883]
R2: 0.9712696973272628
aveErr%: 6.322312845592634

Final chi2:   chi2 4021174246241.0864
xrd_peaks [ 8248886.56662468  1481832.96916609 10961537.79275002  7894961.73654261
  2406654.32279178  9649134.0017081 ]
nmr_peaks [ 9378411.    882693.2 11242700.   8025396.   1214970.   8716287. ]
difference [ 12.04387858 -67.87633225   2.50084239   1.62526888 -98.08343603
 -10.7023438 ]
OPTIMIZED PARAMETERS: 
[ 75.53998027   0.33819015 118.17054397  88.92688518  72.76034883]
R2: 0.9712696973272628
aveErr%: 6.322312845592634

Final chi2:   chi2 4021174246241.0864
xrd_peaks [ 8248886.56662468  1481832.96916609 10961537.79275002  7894961.73654261
  2406654.32279178  9649134.0017081 ]
nmr_peaks [ 9378411.    882693.2 11242700.   8025396.   1214970.   8716287. ]
difference [ 12.04387858 -67.87633225   2.50084239   1.62526888 -98.08343603
 -10.7023438 ]
OPTIMIZED PARAMETERS: 
[ 75.53998027   0.33819015 118.17054397  88.92688518  72.76034883]
R2: 0.9712696973272628
aveErr%: 6.322312845592634

(Sampling rate changed to 256 from 4)Final chi2:   chi2 4008051105405.002
xrd_peaks [ 8244867.87510847  1481518.16721354 10953480.76787644  7884310.4335732
  2405282.61317798  9635059.40363604]
nmr_peaks [ 9378411.    882693.2 11242700.   8025396.   1214970.   8716287. ]
difference [ 12.08672903 -67.84066845   2.57250689   1.75798884 -97.97053534
 -10.54086911]
OPTIMIZED PARAMETERS: 
[ 80.73399261   0.34311068 118.76106823  89.39343913  73.15010684]
R2: 0.9714698532440961
aveErr%: 6.332639412640279

(Sampling rate changed to 16 from 256)Final chi2:   chi2 4021174246241.0864
xrd_peaks [ 8248886.56662468  1481832.96916609 10961537.79275002  7894961.73654261
  2406654.32279178  9649134.0017081 ]
nmr_peaks [ 9378411.    882693.2 11242700.   8025396.   1214970.   8716287. ]
difference [ 12.04387858 -67.87633225   2.50084239   1.62526888 -98.08343603
 -10.7023438 ]
OPTIMIZED PARAMETERS: 
[ 75.53998027   0.33819015 118.17054397  88.92688518  72.76034883]
R2: 0.9712696973272628
aveErr%: 6.322312845592634

(Sampling rate = 32)Final chi2:   chi2 4021174246241.0864
xrd_peaks [ 8248886.56662468  1481832.96916609 10961537.79275002  7894961.73654261
  2406654.32279178  9649134.0017081 ]
nmr_peaks [ 9378411.    882693.2 11242700.   8025396.   1214970.   8716287. ]
difference [ 12.04387858 -67.87633225   2.50084239   1.62526888 -98.08343603
 -10.7023438 ]
OPTIMIZED PARAMETERS: 
[ 75.53998027   0.33819015 118.17054397  88.92688518  72.76034883]
R2: 0.9712696973272628
aveErr%: 6.322312845592634

(Sampling rate = 64)Final chi2:   chi2 3967181111522.0205
xrd_peaks [ 8257905.05379298  1484970.04302174 10953177.21856121  7883567.11232234
  2405109.46294486  9626528.35523822]
nmr_peaks [ 9378411.    882693.2 11242700.   8025396.   1214970.   8716287. ]
difference [ 11.94771637 -68.23173023   2.57520686   1.76725096 -97.95628394
 -10.44299431]
OPTIMIZED PARAMETERS: 
[ 76.45368812   0.33382826 120.84030192  91.10486574  74.60958892]
R2: 0.9720322804282837
aveErr%: 6.30707818781413

(Sampling rate = 64 repeated)Final chi2:   chi2 3967181111522.0205
xrd_peaks [ 8257905.05379298  1484970.04302174 10953177.21856121  7883567.11232234
  2405109.46294486  9626528.35523822]
nmr_peaks [ 9378411.    882693.2 11242700.   8025396.   1214970.   8716287. ]
difference [ 11.94771637 -68.23173023   2.57520686   1.76725096 -97.95628394
 -10.44299431]
OPTIMIZED PARAMETERS: 
[ 76.45368812   0.33382826 120.84030192  91.10486574  74.60958892]
R2: 0.9720322804282837
aveErr%: 6.30707818781413

(Sampling = 128)Final chi2:   chi2 4008051105405.002
xrd_peaks [ 8244867.87510847  1481518.16721354 10953480.76787644  7884310.4335732
  2405282.61317798  9635059.40363604]
nmr_peaks [ 9378411.    882693.2 11242700.   8025396.   1214970.   8716287. ]
difference [ 12.08672903 -67.84066845   2.57250689   1.75798884 -97.97053534
 -10.54086911]
OPTIMIZED PARAMETERS: 
[ 80.73399261   0.34311068 118.76106823  89.39343913  73.15010684]
R2: 0.9714698532440961
aveErr%: 6.332639412640279

(Sampling = 128 Repeated)Final chi2:   chi2 4008051105405.002
xrd_peaks [ 8244867.87510847  1481518.16721354 10953480.76787644  7884310.4335732
  2405282.61317798  9635059.40363604]
nmr_peaks [ 9378411.    882693.2 11242700.   8025396.   1214970.   8716287. ]
difference [ 12.08672903 -67.84066845   2.57250689   1.75798884 -97.97053534
 -10.54086911]
OPTIMIZED PARAMETERS: 
[ 80.73399261   0.34311068 118.76106823  89.39343913  73.15010684]
R2: 0.9714698532440961
aveErr%: 6.332639412640279



OK - So we *are* purely deterministic when we're at a fixed sampling rate, but changing sampling rate changes the 
--------------------------------------------------------------------------------------------------------------------------------------------------------------------------

